src/components/json/2020050700.json
{"header": {"discipline":0,"disciplineName":"Meteorological products","gribEdition":2,"gribLength":106064,"center":7,"centerName":"US National Weather Service - NCEP(WMC)","subcenter":0,"refTime":"2020-05-07T00:00:00.000Z","significanceOfRT":1,"significanceOfRTName":"Start of forecast","productStatus":0,"productStatusName":"Operational products","productType":1,"productTypeName":"Forecast products","productDefinitionTemplate":0,"productDefinitionTemplateName":"Analysis/forecast at horizontal level/layer at a point in time","parameterCategory":2,"parameterCategoryName":"Momentum","parameterNumber":2,"parameterNumberName":"U-component_of_wind","parameterUnit":"m.s-1","genProcessType":2,"genProcessTypeName":"Forecast","forecastTime":0,"surface1Type":103,"surface1TypeName":"Specified height level above ground","surface1Value":10.0,"surface2Type":255,"surface2TypeName":"Missing","surface2Value":0.0,"gridDefinitionTemplate":0,"gridDefinitionTemplateName":"Latitude_Longitude","numberPoints":65160,"shape":6,"shapeName":"Earth spherical with radius of 6,371,229.0 m","gridUnits":"degrees","resolution":48,"winds":"true","scanMode":64,"nx":360,"ny":181,"basicAngle":0,"lo1":0.0,"la1":-90.0,"lo2":359.0,"la2":90.0,"dx":1.0,"dy":1.0}, "data":
[rows 104 to 129 of 181, columns 58 to 115 of 360]
1.1694849,0.78948486,0.97948486,1.1894848,1.0494848,0.86948484,1.0394849,1.0294849,1.6894848,2.379485,2.2594848,1.5294849,-0.38051513,0.73948485,1.3794849,0.9594849,0.65948486,0.039484862,2.569485,2.389485,-0.6605151,-0.45051515,-0.6805151,-0.32051513,-0.58051515,-0.58051515,1.3194848,1.0594848,2.0194848,2.379485,1.6094849,1.4494848,1.4494848,1.6594849,1.7594849,2.4794848,2.879485,2.9294848,3.9194849,3.1494849,-1.7805152,0.78948486,-0.49051514,-2.5005152,1.0594848,2.879485,0.18948486,-1.5705152,-0.97051513,-0.33051515,0.7094849,0.039484862,-0.11051514,0.60948485,-0.21051514,-1.9505152,-2.5305152,-1.3005152
2.1594849,1.9994849,2.1794848,2.109485,1.8094848,1.9194849,1.4794849,1.5594848,1.7694849,2.4394848,3.4994848,2.849485,0.26948488,1.0494848,1.9494848,1.3394848,0.12948486,2.1894848,3.6594849,0.90948486,-3.0805151,-0.81051517,-1.5805151,-0.07051513,0.80948484,0.26948488,0.5694849,1.3394848,2.379485,3.1694849,2.6694849,2.2794847,2.4894848,2.9194849,2.9394848,3.589485,4.189485,3.829485,4.039485,2.4694848,-0.71051514,0.72948486,-0.24051514,0.8294849,0.30948487,1.7394849,1.4494848,-3.0305152,-1.1105151,-0.57051516,1.0894848,-1.3805151,-1.1805152,-0.65051514,-1.3005152,-2.140515,-2.0705152,-2.0705152
3.619485,3.079485,2.6594849,3.2294848,2.549485,2.119485,2.1994848,1.5794848,1.8294848,2.4594848,3.619485,3.359485,3.369485,1.8294848,2.1494849,1.4994849,0.5094849,0.45948488,1.8394848,-0.030515136,-1.4405152,-1.0905151,-0.33051515,0.23948486,1.7394849,1.9594848,1.9594848,2.1794848,3.359485,3.6494849,3.359485,3.3994849,3.059485,3.349485,3.579485,3.9794848,4.519485,2.2394848,4.139485,3.2094848,-1.3705151,0.59948486,-0.9905151,-1.1905152,2.9594848,3.5294847,1.7594849,-0.19051513,-0.71051514,0.079484865,0.6294849,-2.5905151,-1.8905151,-1.3805151,-1.6405151,-2.110515,-2.640515,-2.2605152
4.2994847,3.869485,4.429485,3.539485,2.9494848,2.2394848,2.1994848,1.9994849,2.0094848,2.3994849,3.589485,5.499485,4.919485,2.809485,1.4694848,1.9094849,1.6994848,1.8594849,2.8994849,-2.3205152,-1.1705152,-2.0905151,0.09948486,-1.2505151,-0.18051514,3.879485,3.7194848,3.8994849,4.659485,4.8194847,4.189485,4.689485,4.499485,3.7194848,3.599485,3.9694848,4.059485,4.739485,2.319485,-2.5305152,-0.50051516,2.319485,-2.0305152,-0.24051514,0.8994849,1.6294849,-0.6605151,-1.9205152,0.41948485,-0.46051514,-4.320515,-3.120515,-1.5105151,-0.6705151,-1.2205151,-2.440515,-2.130515,-2.110515
5.079485,4.5494847,5.2794847,4.3594847,3.6994848,2.569485,2.629485,2.5294847,2.7794847,2.9394848,3.6494849,5.159485,6.139485,3.079485,0.15948486,-0.69051516,2.639485,0.45948488,-4.1005154,-0.6605151,-1.1405151,-1.1005151,-0.9105151,-0.07051513,-0.47051513,0.26948488,5.8594847,4.959485,4.509485,5.349485,4.209485,4.5294847,4.639485,4.6094847,3.9594848,3.2694848,2.9694848,1.4994849,-1.2005152,-1.3705151,-0.22051513,0.98948485,-0.36051515,0.54948485,-0.23051514,-2.690515,-3.2705152,-0.96051514,-0.37051514,-4.250515,-6.530515,-4.340515,-0.41051513,0.30948487,-0.8605151,-1.3305151,-1.6805152,-1.9005151
5.3594847,5.709485,5.1294847,4.949485,4.139485,3.889485,3.0194848,3.359485,3.3994849,3.819485,4.429485,4.8994846,5.789485,5.809485,1.4994849,-1.4505152,1.3894849,3.0194848,0.44948485,-0.50051516,-0.82051516,-2.380515,-0.90051514,0.27948487,0.67948484,0.06948486,-0.28051513,5.709485,4.5694847,4.169485,4.209485,5.1294847,4.419485,4.459485,5.1294847,2.819485,-0.45051515,0.6294849,-0.64051515,-0.020515136,-0.21051514,0.12948486,-0.100515135,-0.88051516,-0.44051513,-0.65051514,0.049484864,1.0294849,-2.2705152,-4.780515,-6.040515,-2.5205152,0.16948487,1.6194849,-0.47051513,-1.1305151,-1.1505151,-1.0605152
4.019485,5.309485,4.659485,4.5494847,5.5894847,5.019485,4.189485,4.039485,3.7594848,4.419485,4.909485,4.729485,5.829485,5.909485,4.2794847,-1.2205151,2.069485,2.2494848,-3.2605152,-2.8305151,-1.4405152,-0.82051516,-0.9205151,-0.81051517,1.2494849,-0.42051515,0.18948486,0.049484864,1.5494848,3.2394848,4.8594847,5.289485,5.099485,4.689485,3.299485,1.5194849,-0.08051514,0.66948485,-0.23051514,0.39948487,-0.51051515,0.53948486,0.079484865,-0.37051514,0.13948487,-0.24051514,0.19948487,1.1294849,-0.050515138,-1.0805151,-1.3105152,0.18948486,-0.83051515,-0.8605151,-0.6605151,-0.65051514,-0.95051515,-0.88051516
2.0194848,0.98948485,4.769485,5.599485,5.369485,6.5494847,6.639485,4.419485,3.7194848,4.249485,5.059485,5.449485,5.1494846,3.2794847,3.9494848,-0.65051514,1.3094848,1.4794849,3.589485,-2.0205152,-4.610515,-2.700515,-1.4305152,0.93948483,-2.410515,0.29948485,-1.8805151,-0.78051513,0.48948488,2.9994848,5.2794847,4.419485,4.169485,2.2094848,1.2194848,-0.28051513,1.9194849,-0.41051513,-0.11051514,-0.22051513,0.6494849,-0.31051514,0.09948486,0.34948486,0.44948485,0.14948486,0.6494849,-0.08051514,-2.2605152,-1.5905151,0.99948484,0.8894849,-1.5005151,-1.6005151,-1.6105151,-0.8505151,-0.89051515,-0.77051514
1.8394848,1.1694849,5.669485,5.969485,6.5494847,7.0294847,6.159485,4.259485,3.7694848,3.9694848,4.7994847,5.259485,2.6494849,3.849485,2.369485,1.4894849,-0.35051513,3.2194848,-0.25051513,-2.210515,-2.200515,-0.5405151,0.12948486,-1.6405151,-2.660515,-2.2805152,-1.6905152,0.46948487,0.5094849,0.6294849,0.93948483,1.4294848,-0.52051514,2.5094848,-1.1005151,-1.0905151,0.77948487,-0.43051514,-0.30051515,-0.47051513,0.5094849,-0.21051514,-0.09051514,0.12948486,0.20948486,0.40948486,1.2594849,-0.30051515,0.16948487,0.7694849,0.039484862,1.8394848,-3.180515,-2.910515,-0.11051514,0.19948487,-1.2205151,-0.59051514
-0.38051513,1.5494848,1.6494849,5.1094847,7.2994847,6.709485,5.659485,4.3794847,4.119485,3.6794848,3.859485,3.379485,3.1594849,3.879485,3.1594849,1.8494849,-5.151367E-4,0.93948483,-2.150515,-2.930515,-1.8205152,-0.30051515,-1.2605151,-1.1105151,-0.81051517,-0.48051512,-0.90051514,-0.15051514,0.42948487,-1.8005152,-1.4405152,-1.1005151,0.20948486,0.7594849,-0.27051514,-1.0205151,2.2594848,0.41948485,0.049484864,-0.50051516,-0.43051514,-0.44051513,1.1194849,0.26948488,-0.25051513,1.1294849,0.45948488,0.20948486,0.19948487,2.609485,-2.5305152,-1.0705152,-0.77051514,-1.6105151,-1.2205151,-0.28051513,-0.27051514,-0.37051514
1.8994849,2.829485,1.8194848,5.099485,6.3594847,5.309485,5.509485,5.969485,4.3394847,4.8394847,4.3594847,4.849485,4.919485,6.199485,0.46948487,0.31948486,-0.24051514,1.1094849,-0.30051515,-1.9205152,-0.5405151,-0.100515135,-2.7305152,-1.3805151,-0.69051516,-0.56051517,-1.0205151,-0.28051513,0.44948485,-2.420515,-1.1405151,-1.1305151,-2.640515,-2.4705153,-0.060515136,-0.44051513,2.7094848,1.1994848,-0.43051514,-0.21051514,-0.5405151,-0.020515136,0.48948488,0.92948484,0.8994849,2.4394848,6.249485,4.289485,-0.27051514,-0.82051516,-0.030515136,-0.8605151,-2.3505151,-0.37051514,-1.2105151,0.14948486,-0.33051515,0.9594849
4.389485,4.519485,4.079485,5.369485,3.609485,6.2994847,6.739485,5.479485,6.369485,3.569485,5.309485,2.9794848,3.039485,3.0294847,1.1494849,1.1494849,0.37948486,1.2994848,2.329485,0.68948483,0.5794849,0.8294849,0.25948486,-1.1805152,0.28948486,-0.24051514,-0.59051514,-0.9305151,0.119484864,-0.25051513,-0.35051513,-1.2505151,-3.2905152,-2.670515,-1.5505152,-0.25051513,0.48948488,0.32948485,-0.19051513,-0.12051514,0.31948486,0.90948486,0.8394849,1.8694849,0.43948486,6.199485,7.8594847,0.36948487,0.16948487,-1.2505151,-1.2705151,-0.96051514,0.05948486,0.20948486,-0.5505151,0.5194849,0.23948486,0.45948488
1.2494849,-0.28051513,0.73948485,1.4894849,0.44948485,1.3994849,0.5194849,0.78948486,0.7694849,0.48948488,1.7294849,1.3194848,1.0794848,1.8594849,1.8294848,0.78948486,1.8994849,1.4994849,0.7594849,0.46948487,-0.78051513,-1.2105151,-1.9705151,-2.160515,-1.9105152,-0.64051515,-0.26051512,-2.440515,-1.8205152,-2.8105152,-2.450515,-0.36051515,0.079484865,0.8894849,-0.030515136,-0.9205151,-1.1405151,-0.41051513,-1.1805152,-0.78051513,-1.6705152,1.5994849,2.589485,1.2994848,1.9594848,4.2794847,7.0494847,2.1894848,1.7394849,-1.1105151,-1.1905152,-0.72051513,-1.0405152,1.0294849,-0.49051514,-0.28051513,1.7294849,0.93948483
2.1794848,-1.3905151,-0.19051513,0.8194849,0.80948484,3.569485,1.1394849,0.86948484,0.22948486,1.6694849,0.96948487,0.32948485,0.32948485,2.2394848,0.06948486,0.93948483,1.9894849,-2.200515,0.35948485,-2.2905152,-1.2205151,-0.6205151,-2.2705152,-1.6205151,-1.3605151,-1.7805152,-1.7805152,-1.7305151,-0.32051513,-0.050515138,-0.010515137,-0.90051514,1.2094848,0.28948486,0.8394849,-0.46051514,-1.5605152,-0.5505151,1.0694848,-0.12051514,-1.8805151,3.2094848,1.5294849,2.589485,1.0694848,1.7694849,2.6694849,1.1094849,-0.21051514,-0.6805151,-1.7205151,-1.8605151,-0.78051513,-1.3005152,-1.0505152,-1.0305152,-1.0205151,0.45948488
3.089485,1.0994849,0.109484866,0.5694849,1.3194848,-1.4505152,-1.7905152,0.109484866,0.8794849,1.2494849,0.25948486,-0.34051514,0.66948485,-0.58051515,0.53948486,0.21948487,2.2794847,-0.31051514,-2.630515,-2.4905152,-1.7505151,0.049484864,-2.3505151,-0.96051514,-1.3205152,-0.84051514,1.0694848,-1.3605151,-0.8705151,3.9394848,-0.010515137,0.60948485,-0.6105151,2.2494848,-1.3005152,0.039484862,0.61948484,0.5894849,-0.57051516,-0.82051516,0.54948485,1.8294848,2.129485,1.3994849,1.1294849,2.599485,1.1994848,0.35948485,-1.0105151,-1.7505151,-2.130515,-0.7905151,-0.6605151,-1.5005151,-1.0005151,-1.5505152,-1.8205152,-2.0505152
2.4894848,-0.52051514,-4.740515,2.069485,-1.4605151,-0.71051514,-0.32051513,0.05948486,-1.2205151,1.3794849,-1.5505152,-3.890515,-1.8805151,-4.050515,-5.750515,-5.860515,-6.740515,-6.780515,-4.000515,-1.9205152,-5.500515,-5.060515,4.459485,-0.6105151,0.24948487,-3.3005152,-1.3205152,1.5594848,1.7994848,1.2094848,0.98948485,-0.11051514,1.5694848,-0.12051514,-0.19051513,-0.83051515,-0.77051514,-0.49051514,-0.46051514,1.0694848,2.7294848,1.1194849,1.4594848,1.4894849,3.139485,1.0694848,1.6094849,0.98948485,-0.6105151,-1.5305152,-1.4405152,-1.1605152,-1.5205151,-1.0305152,-0.9305151,-0.78051513,-1.7805152,-0.8705151
0.45948488,-2.410515,-1.7305151,1.1094849,-1.6905152,-0.53051513,0.30948487,1.5594848,-0.40051514,0.60948485,-0.8705151,-0.75051516,-1.3805151,-1.2805152,-2.9905152,-3.8505151,-3.5705152,-2.410515,-2.880515,-3.4905152,-3.180515,-3.3405151,-1.3905151,-1.8005152,-1.4005151,-0.6005151,1.4194849,2.8994849,3.0094848,2.849485,1.0394849,-1.2205151,0.31948486,1.0194849,-2.900515,0.22948486,-1.2405151,-0.90051514,0.48948488,2.4394848,1.4394848,0.49948487,1.4194849,-0.36051515,2.6594849,-0.24051514,-1.6805152,-1.9805151,-1.1005151,-1.4705151,-1.8405151,-1.0505152,-1.0105151,-0.21051514,-0.15051514,-0.95051515,-2.160515,-1.9105152
2.3994849,-3.2505152,0.72948486,0.06948486,-0.030515136,0.21948487,0.37948486,1.1994848,0.34948486,1.4294848,3.4294848,-0.11051514,-0.50051516,0.84948486,-1.9605151,-2.140515,-2.4705153,-2.7705152,-2.950515,-2.8205152,-0.75051516,1.3794849,1.6794848,-1.0505152,-0.030515136,-0.100515135,2.309485,1.5494848,2.4894848,2.849485,3.2194848,3.4794848,5.0894847,0.43948486,-5.151367E-4,-0.81051517,0.9594849,-0.37051514,1.3094848,1.6394849,0.79948485,-0.96051514,1.8994849,0.19948487,0.6394849,2.0094848,-3.200515,-3.6005151,-2.4705153,-2.7205153,-3.5605152,-3.3105152,-2.650515,-0.57051516,-0.63051516,-2.0405152,-3.380515,1.2394849
5.669485,1.3594849,3.139485,-0.37051514,-0.08051514,1.9894849,1.1094849,-0.010515137,-0.41051513,0.6494849,3.1894848,0.40948486,-1.0905151,-1.7205151,-4.000515,-2.7605152,-2.4705153,-3.6005151,-2.420515,-1.2605151,1.3194848,1.7594849,1.5694848,0.25948486,0.5894849,-0.28051513,0.85948485,1.8094848,1.0794848,5.179485,3.069485,5.8994846,5.009485,0.36948487,4.039485,-1.6205151,0.33948487,0.84948486,1.1794848,0.61948484,1.1794848,1.8894849,0.5194849,0.74948484,-0.7905151,0.65948486,-0.13051514,-0.38051513,0.34948486,-1.4405152,-1.5005151,-1.3905151,-0.90051514,-1.2505151,0.12948486,-0.81051517,-1.2105151,-2.690515
2.9394848,-0.96051514,1.1294849,-0.09051514,-0.56051517,-1.1205151,0.049484864,-1.3605151,-0.78051513,2.4394848,0.6294849,1.1694849,0.31948486,-2.2605152,-0.6205151,-2.670515,-1.0905151,-3.410515,-1.9805151,-0.12051514,1.0294849,-0.08051514,1.8094848,0.9494849,0.6994849,1.8194848,1.4894849,2.869485,4.729485,4.7994847,5.179485,2.319485,2.0194848,0.35948485,-0.12051514,2.589485,2.0294847,-0.43051514,2.4994848,1.9994849,2.1594849,0.67948484,1.5294849,-0.6805151,-1.0305152,-2.5205152,-1.7805152,-1.0105151,-1.0905151,-1.2805152,-1.8805151,-1.3005152,-1.8005152,-1.6705152,-4.240515,-2.690515,-3.3005152,-4.060515
2.1594849,2.2094848,-0.20051514,-3.140515,-1.3705151,-0.31051514,0.49948487,-0.050515138,-0.07051513,1.0094849,1.9294848,0.21948487,0.7094849,1.3794849,-2.430515,-2.3005152,-3.3105152,-1.2805152,-1.9105152,1.4694848,-0.40051514,0.6294849,1.6494849,0.74948484,1.5694848,1.4694848,1.3694849,1.6194849,1.6094849,4.159485,6.829485,1.9894849,-0.6105151,1.3694849,2.629485,3.789485,2.619485,1.7394849,0.32948485,4.8194847,2.309485,-1.4405152,-1.4505152,-0.34051514,-2.620515,-3.420515,-2.2605152,-0.8605151,-0.6805151,-0.9805151,-0.77051514,-0.6005151,0.37948486,-0.6205151,-0.5505151,-3.4805152,-3.180515,-4.070515
-1.4905151,-3.3105152,-2.8205152,-0.35051513,-1.3205152,-1.1705152,-2.5805151,-0.9105151,0.079484865,1.1394849,0.20948486,2.809485,1.1394849,0.15948486,-1.4205152,-2.2605152,-0.15051514,-1.4605151,0.7694849,-0.9305151,0.36948487,1.8694849,1.1094849,2.339485,1.6294849,-4.690515,-2.690515,1.6594849,-0.29051512,3.9694848,-0.9305151,-1.4905151,0.14948486,-0.22051513,-0.56051517,0.009484863,0.86948484,-1.9305152,3.5094848,1.5294849,1.1694849,0.8794849,-1.2305151,-1.8805151,-4.590515,-2.0405152,-2.2805152,-0.16051513,0.14948486,0.17948486,1.2194848,0.9594849,-5.030515,-1.0705152,-1.4505152,-4.6405153,-3.3105152,-3.7605152
1.2794849,-2.0705152,-0.90051514,-0.43051514,-2.5805151,-3.860515,-4.440515,-2.700515,-0.030515136,-1.8405151,1.7994848,-1.8705151,-1.2405151,-1.3605151,-1.9805151,1.2894849,3.039485,-0.09051514,-0.34051514,-0.24051514,2.4894848,-1.9805151,1.2194848,0.6494849,1.1794848,-2.180515,-1.1105151,-0.56051517,-0.52051514,-2.0705152,-2.960515,-1.0605152,0.049484864,0.16948487,-0.6205151,-1.3405151,-0.9305151,1.0094849,0.52948487,-0.9905151,1.1094849,0.49948487,-4.9705153,-3.620515,-1.5505152,-2.380515,-0.47051513,0.93948483,-3.400515,-0.83051515,-0.050515138,0.09948486,-2.0405152,-1.1105151,0.33948487,-1.0405152,0.7594849,-2.700515
0.90948486,-3.7405152,-0.08051514,-5.740515,-3.3005152,-4.3905153,-5.920515,-9.420515,-10.310515,-6.3505154,-3.9805152,-2.640515,-1.8305151,-3.7205153,1.6094849,-0.060515136,-0.11051514,0.21948487,-1.1405151,0.12948486,1.9594848,-0.040515136,-0.35051513,4.6294847,2.339485,-0.51051515,0.30948487,-1.4305152,-0.33051515,3.619485,-0.21051514,0.78948486,6.289485,-1.3705151,-1.6205151,3.4494848,7.769485,9.259485,7.469485,5.789485,4.539485,1.1494849,-9.670515,-3.5905151,-3.150515,0.029484862,-1.6405151,0.59948486,-2.180515,-1.3805151,0.08948486,0.21948487,-1.0205151,-1.4705151,-0.07051513,-1.3005152,-1.0305152,-0.84051514
-0.33051515,-6.840515,-11.120515,-8.350515,-5.230515,-5.6205153,-6.340515,-5.830515,-5.1605153,-1.5005151,-2.5305152,-2.620515,-4.330515,-0.89051515,-1.6105151,0.25948486,1.9394848,1.6094849,-0.30051515,4.059485,1.4094849,-1.3605151,-0.88051516,4.059485,1.5994849,0.66948485,1.4094849,-2.5105152,1.4494848,1.3794849,2.619485,3.5094848,-3.150515,-0.43051514,-0.88051516,5.8994846,3.559485,1.9994849,-0.8605151,1.7594849,-0.5505151,-1.5905151,-1.7805152,-1.9105152,-2.150515,2.9994848,4.169485,4.309485,1.1494849,3.1694849,3.359485,1.2794849,-2.0105152,-1.0005151,-2.130515,-1.6605152,0.38948485,-0.88051516
-11.370515,-9.860516,-10.590515,-8.490515,-7.980515,-6.400515,-3.7705152,-3.620515,-4.690515,-3.860515,-2.3505151,-2.2605152,0.16948487,-2.5905151,-0.030515136,1.2094848,2.2094848,2.2494848,-0.08051514,-4.250515,-0.8505151,1.1094849,0.39948487,-3.5005152,5.449485,-0.17051513,-8.510515,-7.760515,-7.6205153,-6.540515,-7.6605153,-3.2405152,1.8294848,0.42948487,0.8394849,1.0794848,-1.4905151,-2.170515,5.0694847,-0.70051515,-0.020515136,-1.9705151,2.9594848,2.7594848,5.999485,5.709485,3.079485,-0.6005151,0.85948485,0.49948487,0.52948487,1.2694849,-0.76051515,1.6694849,1.2294849,0.39948487,-1.2805152,-1.0805151
