src/components/json/2020050700.json
{"header": {"discipline":0,"disciplineName":"Meteorological products","gribEdition":2,"gribLength":106064,"center":7,"centerName":"US National Weather Service - NCEP(WMC)","subcenter":0,"refTime":"2020-05-07T00:00:00.000Z","significanceOfRT":1,"significanceOfRTName":"Start of forecast","productStatus":0,"productStatusName":"Operational products","productType":1,"productTypeName":"Forecast products","productDefinitionTemplate":0,"productDefinitionTemplateName":"Analysis/forecast at horizontal level/layer at a point in time","parameterCategory":2,"parameterCategoryName":"Momentum","parameterNumber":3,"parameterNumberName":"V-component_of_wind","parameterUnit":"m.s-1","genProcessType":2,"genProcessTypeName":"Forecast","forecastTime":0,"surface1Type":103,"surface1TypeName":"Specified height level above ground","surface1Value":10.0,"surface2Type":255,"surface2TypeName":"Missing","surface2Value":0.0,"gridDefinitionTemplate":0,"gridDefinitionTemplateName":"Latitude_Longitude","numberPoints":65160,"shape":6,"shapeName":"Earth spherical with radius of 6,371,229.0 m","gridUnits":"degrees","resolution":48,"winds":"true","scanMode":64,"nx":360,"ny":181,"basicAngle":0,"lo1":0.0,"la1":-90.0,"lo2":359.0,"la2":90.0,"dx":1.0,"dy":1.0}, "data":
[rows 52 to 77 of 181, columns 290 to 347 of 360]
1.2091528,1.1591529,-2.9608471,-3.5908473,-3.4008472,-2.5908473,-1.9608471,-2.020847,0.11915283,1.4291528,1.4291528,2.0791528,1.5091529,5.4191527,6.7491527,6.949153,7.379153,7.009153,7.109153,7.949153,9.719152,10.509152,11.189153,13.149153,13.949153,15.099153,15.419153,15.4291525,14.939153,15.879153,17.519154,11.4291525,7.5591526,1.1891528,0.36915284,-8.050847,-9.490848,-6.880847,-5.300847,-5.0808473,-8.390847,-8.720847,-10.760847,-11.480847,-11.170847,-10.980847,-10.620847,-9.880847,-9.000847,-9.050847,-10.020847,-9.140847,-7.4408474,-7.950847,-8.480847,-7.320847,-5.370847,-3.6808472
-0.94084716,-0.35084715,-5.260847,-4.590847,-4.070847,-3.1008472,-2.010847,-1.4008472,0.9091528,-0.08084717,1.7291528,2.229153,1.6391529,1.3291528,5.819153,7.089153,7.6491528,8.069153,8.249153,8.769153,10.209153,10.899153,12.069153,13.269153,14.039153,14.729153,13.079153,13.949153,15.459153,18.289152,11.899153,10.009152,-3.6808472,-4.6908474,-4.6008472,-7.7308474,-7.800847,-7.880847,-8.520847,-11.040847,-13.340847,-11.280848,-10.280848,-10.450848,-10.650847,-10.700848,-10.0708475,-9.290847,-8.240848,-9.880847,-9.360847,-7.780847,-6.320847,-6.950847,-7.220847,-5.430847,-4.450847,0.089152835
-0.9008472,-4.3308473,-7.760847,-5.0808473,-3.770847,-2.8808472,-1.4908471,0.5791528,0.6491528,0.74915284,1.4891528,2.0191529,2.719153,5.819153,7.7091527,7.639153,8.329153,8.309153,8.369153,8.709153,10.079153,11.859153,13.099153,13.279153,12.349153,13.1791525,14.399153,15.079153,16.169153,14.779153,13.609153,-1.5808471,-6.490847,-9.100847,-7.380847,-7.8308473,-8.170847,-10.090847,-12.400847,-14.600847,-12.740848,-10.800847,-10.560847,-9.950848,-10.060847,-10.050847,-9.080847,-8.280848,-9.720847,-9.730847,-7.640847,-6.670847,-3.530847,-7.280847,-7.4608474,-4.820847,-2.490847,0.7691528
-1.7608472,-3.290847,-4.530847,-3.9108472,-3.1208472,-2.3108473,-1.4708471,-0.19084717,0.56915283,0.60915285,1.7691529,1.8491528,1.9091529,7.549153,7.599153,8.029153,9.209153,9.469152,9.379153,8.789153,10.759152,12.259152,12.259152,13.229153,12.559153,14.4291525,15.009152,14.629153,14.239153,12.599153,5.9991527,-2.790847,-6.7308474,-10.100847,-7.570847,-7.760847,-8.150847,-11.590847,-12.770847,-12.230847,-9.490848,-10.160847,-10.500847,-9.840847,-10.380847,-9.360847,-10.020847,-10.870847,-10.380847,-8.470847,-7.2308474,-5.340847,-3.530847,-6.740847,-5.9408474,-4.5008473,-1.3308471,-1.8908472
-1.2008471,-3.4308472,-4.070847,-1.1008471,-2.0708473,-1.4308472,-0.93084717,-0.29084718,0.62915283,0.92915285,1.8691528,1.2491528,2.7991529,2.6591527,3.1391528,1.9091529,3.0191529,9.069153,9.989153,9.189153,10.999153,11.299152,11.949153,11.939153,12.319153,13.069153,13.189153,13.549152,12.849153,8.799152,2.989153,-2.3108473,-7.740847,-9.190847,-6.780847,-6.630847,-7.3108473,-12.380847,-13.260847,-12.260847,-11.180847,-10.000847,-9.610847,-9.580847,-9.130847,-7.630847,-10.130847,-9.050847,-8.380847,-6.840847,-6.150847,-4.0808473,-6.0208473,-4.2708473,-4.380847,-3.0908473,-0.87084717,-2.500847
0.91915286,-2.300847,-2.260847,-3.1908472,-0.57084715,-2.2208471,-1.6108471,-1.0108472,1.3991529,0.7091528,0.47915283,2.1191528,1.4491528,2.0391529,2.999153,3.1591527,3.0391529,2.9191527,9.729153,10.049152,10.349153,10.839153,11.289153,12.339153,12.559153,12.689153,12.279153,12.439153,9.819153,4.2291527,1.4391528,-3.6108472,-7.0408473,-8.190847,-4.530847,-6.360847,-8.120847,-12.140847,-13.240848,-12.580847,-11.120847,-9.660847,-9.080847,-9.3208475,-8.540847,-7.680847,-10.760847,-9.0708475,-8.710847,-6.3308473,-3.6308472,-5.950847,-4.570847,-5.5208473,-5.7708473,-4.530847,-2.9608471,-1.9908471
0.44915283,-0.8408472,-1.3508471,-1.4908471,-2.030847,-0.81084716,-1.0808471,-0.23084716,0.55915284,0.72915286,1.3891529,1.8091528,2.5191529,2.8991528,5.109153,4.739153,3.509153,2.6191528,6.409153,10.269153,11.219152,10.629153,11.789153,12.119153,10.959153,10.129153,9.919153,10.469152,5.799153,2.4191527,-1.3108472,-5.0608473,-6.490847,-3.3408473,-4.150847,-4.8308473,-8.560847,-12.220847,-13.130847,-12.130847,-10.980847,-11.050847,-9.460847,-8.410847,-6.720847,-6.720847,-10.180847,-9.580847,-8.700848,-6.8308473,-4.160847,-5.180847,-3.4108472,-4.550847,-3.5808473,-1.9608471,-0.62084717,-0.060847167
2.5691528,-2.0608473,0.27915284,-5.530847,-3.7208471,-0.8408472,-1.7508472,0.54915285,0.5291528,1.0391529,1.1891528,2.6091528,2.4291527,3.5691528,3.4391527,3.8391528,3.2991529,0.6991528,0.12915283,6.3091526,10.159153,11.269153,10.399153,10.599153,11.289153,11.099153,10.189153,8.669153,7.299153,1.4491528,-1.2408471,-3.6908472,-3.1208472,1.3591528,-2.3408473,-5.420847,-9.690847,-12.700848,-12.450848,-11.080847,-10.090847,-8.8208475,-7.2108474,-8.660847,-7.070847,-6.930847,-5.740847,-9.350847,-6.780847,-5.680847,-5.450847,-2.6308472,-2.4708471,-3.250847,-1.7508472,-2.520847,-0.31084716,-3.8908472
0.62915283,0.089152835,2.249153,-1.1008471,-1.2508472,-3.3908472,-0.69084716,0.25915283,1.6291528,2.199153,2.3391528,2.699153,2.5691528,3.719153,4.379153,3.4191527,1.3791528,0.9091528,1.5291529,1.3491528,5.089153,9.209153,9.809153,10.569153,11.229153,10.639153,9.309153,7.849153,6.469153,2.3391528,0.6591528,0.41915283,4.329153,-0.120847166,-3.6608472,-7.0008473,-10.830847,-11.800847,-10.900847,-10.240848,-9.550847,-8.350847,-5.950847,-7.880847,-7.4408474,-6.670847,-6.5008473,-6.700847,-7.860847,-5.420847,-4.630847,-3.0708473,-3.3608472,-0.93084717,-3.3508472,-4.050847,-1.2608472,-2.1908472
0.21915284,-0.23084716,-0.47084716,0.53915286,-0.46084717,-3.760847,-0.68084717,0.39915285,1.8491528,2.5391529,2.8191528,2.499153,3.509153,3.6491528,3.6291528,2.6791527,3.699153,1.1491529,0.24915284,0.97915286,0.7091528,8.779153,10.859153,11.999153,10.889153,10.169153,9.999153,8.349153,4.079153,2.0691528,2.8991528,6.569153,8.639153,-2.0808473,-5.450847,-7.7508473,-11.860847,-10.980847,-9.790847,-8.850847,-6.8508472,-8.170847,-8.180847,-8.780848,-7.870847,-5.2708473,-5.920847,-6.410847,-5.5408473,-4.7708473,-2.8808472,-3.5608473,-4.5008473,-2.780847,-2.3108473,-2.1308472,-1.8108472,-0.96084714
-0.24084717,-2.4808471,-1.1008471,2.459153,-0.28084716,-1.6008471,-0.64084715,1.1691529,1.5091529,2.0391529,1.2391528,2.5491529,3.5291529,2.979153,1.9391528,1.9791528,3.749153,3.9091527,3.1191528,1.9491528,3.1291528,0.23915283,13.869153,12.709153,12.639153,10.689153,9.239153,6.589153,4.129153,5.4791527,8.369153,11.919153,-0.08084717,-4.030847,-6.7508473,-10.8208475,-10.930847,-10.030848,-9.940847,-8.420847,-7.900847,-8.160847,-7.320847,-7.130847,-7.110847,-5.5808473,-4.9408474,-4.280847,-3.1308472,-2.4408472,-1.5608472,-2.290847,-2.8408473,-1.7708472,-1.5508472,-0.76084715,-0.42084718,0.91915286
-0.18084717,-0.020847168,-0.88084716,-0.20084716,-0.060847167,-1.2708472,-0.090847164,0.36915284,1.7391528,1.6991528,1.6191528,2.0391529,3.5891528,2.8991528,3.0191529,1.4091529,1.7191528,1.5991528,1.3991529,1.3491528,1.1491529,-0.10084717,14.229153,13.439153,13.139153,11.799152,7.109153,7.799153,8.639153,11.139153,13.979153,3.5791528,-4.160847,-6.890847,-9.490848,-9.580847,-9.120847,-9.770847,-9.430847,-8.580847,-7.7508473,-7.900847,-6.450847,-6.260847,-5.920847,-4.0208473,-3.800847,-2.3108473,-1.3508471,-4.870847,-3.2308471,-2.8308473,-1.5908471,-0.71084714,0.049152832,0.07915283,1.2191528,1.9191529
-0.120847166,0.56915283,0.019152831,0.06915283,-1.3008472,-0.7208472,1.3891529,1.3591528,1.8091528,2.0691528,1.6791528,2.2691529,2.9191527,2.3791528,2.9391527,2.8791528,1.3891529,2.959153,1.3991529,1.6891528,1.3791528,0.6991528,9.269153,11.529153,11.499153,10.079153,9.969152,11.219152,13.4291525,13.879153,6.3991528,-3.040847,-7.030847,-8.230847,-8.710847,-9.230847,-8.890847,-8.500847,-7.430847,-5.800847,-7.430847,-7.650847,-7.320847,-5.0008473,-4.800847,-4.180847,-1.4308472,-0.15084717,-3.5608473,-2.6008472,-2.3108473,-2.9308472,-1.2008471,-0.9908472,0.26915282,1.7791529,2.7991529,3.6691527
0.74915284,1.4491528,-0.120847166,-1.7908472,1.9791528,0.8891528,0.54915285,2.5391529,2.1891527,2.3591528,2.3891528,2.719153,3.1191528,2.3991528,3.259153,2.9391527,2.949153,4.4591527,2.6891527,1.2191528,1.7791529,1.3591528,2.739153,11.189153,12.519153,13.549152,14.349153,12.449153,12.979153,7.4191527,0.019152831,-4.650847,-7.050847,-8.430847,-9.110847,-9.550847,-9.330847,-8.480847,-6.780847,-5.430847,-5.200847,-7.4608474,-5.1008472,-4.2308474,-3.500847,-4.2508473,-3.8808472,-3.1808472,-2.760847,-2.1408472,-1.8308471,-1.0708472,-0.090847164,0.6491528,1.4791528,3.0291529,2.6491528,-1.8508471
-0.05084717,1.7991529,-1.2008471,-2.5808473,1.4191529,-0.5308472,0.98915285,2.239153,2.8991528,1.9991528,4.009153,2.449153,2.3191528,2.0991528,1.4791528,2.9291527,5.759153,4.529153,2.5191529,2.6191528,2.499153,2.6091528,3.5191529,2.4291527,12.739153,11.649153,8.839153,10.379153,8.349153,3.1591527,-2.8708472,-6.820847,-7.4608474,-9.100847,-8.430847,-7.820847,-6.4808474,-6.5008473,-6.5008473,-5.9408474,-4.9408474,-4.9608474,-4.160847,-4.380847,-2.7008471,-4.6908474,-3.490847,-2.790847,-1.1308472,-2.520847,-1.3908472,-0.28084716,0.56915283,1.8791528,2.3791528,2.3791528,-3.9808471,-2.8308473
0.25915283,1.6091528,-3.8108473,-0.63084716,0.62915283,0.17915283,-1.4108472,1.2791529,2.249153,2.6591527,3.0991528,3.1391528,3.0191529,2.8791528,2.0491529,2.759153,3.0691528,3.3691528,4.449153,3.509153,1.8191528,2.6591527,2.5391529,1.0191529,0.18915284,1.0491529,3.5491529,2.6091528,4.2691526,-4.0808473,-5.920847,-8.080847,-9.780848,-8.300847,-7.420847,-5.3508472,-3.9108472,-6.900847,-6.650847,-5.4808474,-4.010847,-4.740847,-5.780847,-3.6508472,-1.8008472,-1.6508472,-1.9508471,-1.4408472,-1.0908471,-1.1908472,-0.7208472,0.61915284,1.4791528,1.8691528,2.239153,-2.3208473,-2.6708472,-1.8308471
0.38915282,-0.21084717,2.709153,2.0691528,-1.0008472,-0.8508472,-0.7908472,2.0591528,1.8891529,4.199153,3.3791528,3.0691528,4.079153,3.3691528,3.4391527,4.619153,2.989153,2.8991528,4.589153,3.0791528,2.5791528,1.2891529,0.68915284,1.8891529,0.7191528,0.35915282,0.55915284,0.72915286,0.8891528,-2.240847,-8.130847,-9.5708475,-9.020847,-8.660847,-7.610847,-4.7508473,-3.6908472,-5.930847,-5.840847,-4.870847,-3.7208471,-3.9008472,-3.0908473,-2.550847,-2.3708472,-1.1108471,-0.22084717,0.16915283,-0.20084716,0.85915285,0.43915284,0.81915283,2.6591527,0.16915283,-2.0708473,-2.290847,-1.0308472,-0.05084717
-0.05084717,0.41915283,1.4391528,-1.8208472,-1.0208472,-0.07084717,0.67915285,2.699153,3.229153,4.569153,4.5391526,3.6691527,4.239153,3.6191528,3.3191528,4.639153,3.9291527,4.469153,5.079153,3.8291528,1.2691529,2.0691528,1.2991529,-0.21084717,-0.64084715,-1.0508472,-1.1408472,-2.000847,-1.7708472,-0.82084715,-9.110847,-9.900847,-9.170847,-7.150847,-5.570847,-4.0608473,-4.410847,-5.570847,-5.6008472,-5.240847,-4.5608473,-2.490847,-1.4808471,-1.2808472,-0.33084717,0.8991528,1.1691529,0.17915283,1.1591529,-0.040847167,0.79915285,-0.16084717,1.2191528,-1.1408472,-1.1208472,-0.5508472,0.5291528,1.2991529
-0.89084715,-0.34084716,4.759153,-0.42084718,0.66915286,-2.1408472,1.2091528,3.1691527,4.4391527,4.4991527,3.5591528,2.6691527,5.659153,4.129153,3.8391528,4.3991528,6.829153,3.3391528,2.8091528,3.7691529,4.2091527,0.9091528,-1.5608472,-0.5508472,-1.0808471,-0.96084714,-0.30084717,-1.2708472,-0.56084716,0.6991528,-7.5808473,-9.310847,-8.470847,-6.390847,-4.1908474,-3.500847,-4.0608473,-2.8908472,-5.550847,-3.4808471,-2.0608473,-1.7108471,-1.3308471,-1.1908472,0.12915283,0.7691528,0.87915283,1.1991528,2.0991528,-2.7308471,-2.7108471,-1.8608471,-0.43084717,-0.090847164,0.29915282,0.7191528,1.6091528,2.3191528
-0.15084717,0.7191528,5.5191526,4.429153,-1.5508472,-0.34084716,1.0491529,4.379153,5.619153,5.7491527,4.9191527,4.819153,5.849153,3.7691529,6.239153,2.8691528,2.8991528,1.8891529,1.8791528,1.4191529,2.229153,0.5791528,-0.060847167,-0.34084716,-0.32084715,-0.42084718,-0.11084717,-0.30084717,-0.07084717,-1.1008471,-1.8808472,-7.7908473,-6.3308473,-4.150847,-2.9108472,-2.6808472,-3.6208472,-4.4808474,-3.6808472,-2.4008472,-0.36084718,-2.3808472,-1.0908471,-0.63084716,-1.2908472,-0.51084715,0.40915284,-0.44084716,-1.0908471,-2.9308472,-1.6008471,0.15915284,0.17915283,0.5291528,0.6991528,1.3691528,1.4291528,1.9891528
1.3591528,2.219153,4.139153,0.87915283,1.6491529,-0.25084716,1.9191529,6.4391527,5.109153,4.339153,4.0391526,3.8091528,5.799153,5.279153,5.029153,1.7391528,-0.32084715,0.49915284,0.42915285,0.8491528,0.56915283,-0.05084717,-0.120847166,0.55915284,-0.44084716,0.049152832,-0.090847164,-0.30084717,-1.2808472,-0.70084715,-3.0808473,-5.680847,-4.150847,-2.760847,-2.000847,-2.9108472,-2.6808472,-2.1108472,-1.9708471,-1.9308472,-1.0008472,-0.20084716,-1.3508471,-1.7008471,-1.1808472,0.68915284,0.029152833,-1.0308472,-1.4808471,-0.8608472,-0.21084717,0.9091528,1.3991529,0.62915283,1.2491528,2.1191528,2.219153,2.1391528
2.5391529,-2.1708472,-1.6608472,-1.5908471,-0.69084716,0.40915284,1.8691528,2.8191528,3.449153,2.6891527,4.699153,2.749153,6.7691526,3.489153,1.7691529,0.34915283,1.7291528,1.7591529,0.26915282,0.98915285,0.019152831,0.23915283,0.37915283,-0.05084717,0.34915283,0.56915283,-0.8408472,-0.21084717,0.86915284,-1.1908472,-1.5308472,-4.5808473,-2.800847,-2.1408472,-1.5608472,-1.1608472,-0.7808472,-0.48084718,-0.39084718,-0.64084715,-1.7908472,-2.1608472,-1.7008471,-0.88084716,0.20915283,-0.93084717,-1.3908472,-0.88084716,-0.46084717,-0.020847168,0.67915285,1.3291528,1.1091528,1.6591529,2.2991529,1.9491528,1.9291528,4.469153
0.8891528,-5.7308474,-1.0708472,-0.48084718,0.93915284,1.1791528,2.6491528,2.459153,4.2491527,3.719153,4.609153,4.4391527,4.7091527,2.8891528,1.1191528,0.8891528,0.41915283,0.38915282,2.229153,1.6291528,2.0491529,0.54915285,0.32915282,-1.2908472,0.27915284,0.17915283,0.17915283,1.0491529,-1.5808471,-0.38084716,-0.22084717,-1.0708472,-1.6308472,-0.63084716,-0.34084716,0.13915282,-0.060847167,-3.5708473,-2.290847,-1.7508472,-1.0608472,-0.51084715,0.36915284,1.1391529,-0.69084716,-0.5508472,-0.33084717,0.61915284,1.3491528,1.6591529,1.4791528,1.9891528,2.3591528,2.459153,2.6091528,2.729153,2.6191528,3.199153
-1.2608472,-0.36084718,-0.7408472,0.9691528,1.2791529,1.3891529,1.4391528,1.7891529,2.6691527,3.0591528,4.4991527,3.1891527,2.8791528,0.78915286,1.9191529,1.8191528,2.489153,2.4291527,1.1791528,0.8891528,0.34915283,0.6391528,-0.81084716,1.2491528,-1.2708472,-0.93084717,0.27915284,0.029152833,-0.030847168,-0.030847168,-1.4508471,-0.29084718,0.7191528,0.93915284,0.47915283,-0.15084717,-2.1108472,-1.2308471,-0.57084715,0.09915283,0.45915282,0.81915283,-1.2608472,-1.5008472,-0.44084716,0.12915283,0.7691528,2.0191529,2.3091528,2.5991528,2.8491528,2.3691528,2.219153,2.0791528,2.5191529,2.3891528,2.8991528,3.5191529
-1.0108472,0.03915283,2.2991529,1.9691528,3.4291527,3.4091527,2.3491528,2.2791529,1.3591528,2.3791528,1.7291528,2.7891529,4.8091526,1.6191528,1.2991529,1.5991528,1.5191529,-0.45084718,2.729153,0.15915284,0.53915286,-0.19084717,0.67915285,-0.51084715,-0.7208472,-0.9008472,-1.0408472,-0.010847168,0.55915284,-0.8508472,0.5191528,0.8891528,1.9991528,0.31915283,0.49915284,-0.7808472,-1.6108471,-0.69084716,-0.030847168,0.5991528,1.8691528,1.0291529,-1.6208472,-0.030847168,0.49915284,0.67915285,1.9791528,2.5591528,2.4191527,3.0891528,2.3691528,2.729153,2.6791527,2.6491528,3.3591528,2.6591527,3.2691529,3.1191528
1.2791529,2.1491528,3.8591528,3.6591527,3.1191528,2.8591528,3.3591528,1.4591528,1.6791528,0.98915285,0.41915283,0.41915283,1.1291528,0.8991528,3.1291528,1.5791528,1.7891529,1.3391528,0.41915283,0.7091528,-8.47168E-4,0.7691528,0.9091528,0.5991528,-0.33084717,0.13915282,0.54915285,-0.18084717,-0.11084717,0.089152835,1.3691528,0.54915285,1.2291528,0.40915284,-2.1308472,-1.6308472,-0.62084717,-0.21084717,0.5291528,1.3491528,0.06915283,-1.0408472,-0.44084716,0.62915283,0.81915283,1.5391529,2.479153,2.699153,2.9291527,2.3391528,2.7991529,3.219153,2.3891528,3.3491528,2.7791529,3.009153,1.8591528,3.1291528
