src/components/json/2020050700.json
{"header": {"discipline":0,"disciplineName":"Meteorological products","gribEdition":2,"gribLength":106064,"center":7,"centerName":"US National Weather Service - NCEP(WMC)","subcenter":0,"refTime":"2020-05-07T00:00:00.000Z","significanceOfRT":1,"significanceOfRTName":"Start of forecast","productStatus":0,"productStatusName":"Operational products","productType":1,"productTypeName":"Forecast products","productDefinitionTemplate":0,"productDefinitionTemplateName":"Analysis/forecast at horizontal level/layer at a point in time","parameterCategory":2,"parameterCategoryName":"Momentum","parameterNumber":3,"parameterNumberName":"V-component_of_wind","parameterUnit":"m.s-1","genProcessType":2,"genProcessTypeName":"Forecast","forecastTime":0,"surface1Type":103,"surface1TypeName":"Specified height level above ground","surface1Value":10.0,"surface2Type":255,"surface2TypeName":"Missing","surface2Value":0.0,"gridDefinitionTemplate":0,"gridDefinitionTemplateName":"Latitude_Longitude","numberPoints":65160,"shape":6,"shapeName":"Earth spherical with radius of 6,371,229.0 m","gridUnits":"degrees","resolution":48,"winds":"true","scanMode":64,"nx":360,"ny":181,"basicAngle":0,"lo1":0.0,"la1":-90.0,"lo2":359.0,"la2":90.0,"dx":1.0,"dy":1.0}, "data":
[rows 78 to 103 of 181, columns 0 to 57 of 360]
5.869153,5.859153,6.179153,5.699153,5.089153,4.5591526,4.339153,4.589153,4.5391526,3.8991528,3.469153,6.599153,5.109153,3.749153,0.49915284,1.5091529,0.68915284,2.1491528,1.9091529,1.4391528,2.509153,3.199153,2.759153,1.2291528,1.6191528,0.73915285,1.4191529,1.4691528,2.1691527,1.3491528,1.7791529,2.0491529,1.0891528,1.8791528,2.1391528,-0.6608472,0.9691528,1.5791528,1.4791528,2.0691528,1.5691528,10.439153,9.319153,7.889153,7.159153,7.089153,5.379153,2.3391528,2.979153,7.1891527,8.989153,7.379153,6.089153,5.239153,4.9391527,3.8491528,1.0191529,0.38915282
6.049153,5.6891527,5.349153,4.8991528,4.829153,4.799153,4.6491528,5.239153,4.359153,3.8091528,3.999153,3.7991529,6.489153,6.099153,1.8191528,0.49915284,1.3891529,1.3091528,1.1791528,1.9491528,2.3991528,2.479153,2.1691527,2.3991528,1.4791528,2.1891527,2.709153,2.8491528,1.0591528,1.5691528,2.449153,1.3791528,3.6091528,0.9591528,0.23915283,0.41915283,0.31915283,1.5991528,0.06915283,0.8991528,2.8691528,9.629153,8.989153,8.509152,7.589153,6.2691526,5.5591526,4.869153,5.779153,8.609153,8.029153,6.9791527,5.409153,3.229153,2.9391527,1.4591528,-1.8508471,1.0591528
5.989153,5.389153,4.9591527,4.859153,3.9391527,4.0391526,4.2291527,4.299153,4.6491528,4.6891527,4.489153,4.7491527,5.009153,3.7791529,1.1991528,0.7691528,1.3191528,1.5391529,1.9791528,2.0491529,2.5591528,2.729153,2.5691528,1.1391529,1.6791528,2.1491528,3.6491528,1.8891529,1.9991528,2.1291528,1.3491528,0.25915283,1.2091528,-0.5308472,2.009153,-0.68084717,0.14915283,0.87915283,1.0191529,1.0191529,7.299153,9.079153,9.6791525,7.779153,7.549153,7.1891527,4.2091527,5.719153,9.539153,8.479153,6.509153,4.7091527,3.719153,2.249153,0.72915286,-0.29084718,-1.1008471,0.86915284
5.179153,5.1891527,4.9991527,4.839153,4.869153,4.339153,3.979153,3.509153,3.3391528,3.8291528,4.089153,4.2491527,4.299153,3.219153,0.30915284,0.98915285,0.25915283,1.7291528,1.7091528,1.8591528,2.5191529,2.6391528,1.8291528,2.2991529,1.5991528,1.5291529,0.16915283,1.5091529,3.3791528,2.719153,2.509153,1.3291528,2.449153,1.2191528,2.009153,1.3091528,0.27915284,-0.18084717,0.16915283,0.62915283,8.009152,9.069153,8.9291525,7.5191526,7.079153,5.9791527,7.7091527,8.019153,9.119153,7.8091526,6.659153,3.199153,1.1091528,1.9091529,1.1791528,1.0591528,1.3891529,0.49915284
5.089153,4.889153,4.7891526,4.6691527,4.5191526,3.709153,3.1591527,3.0191529,3.3491528,3.759153,3.1491528,3.1791527,3.9391527,3.3591528,0.48915282,0.32915282,1.5891528,1.1491529,0.37915283,1.5091529,1.9491528,1.0991528,1.5191529,1.3091528,1.7091528,2.3891528,0.30915284,0.72915286,1.8491528,-0.37084717,-0.31084716,-0.7408472,4.0191526,0.28915283,2.1791527,0.39915285,1.9991528,0.61915284,1.1991528,0.61915284,8.219152,9.009152,8.959153,7.9591527,7.299153,7.779153,8.049152,8.119153,8.379153,7.6691527,5.859153,1.2291528,0.33915284,0.85915285,0.7591528,0.35915282,-0.89084715,-0.7908472
4.2491527,4.9391527,4.849153,4.319153,3.499153,4.1491528,4.079153,3.759153,3.0791528,3.4191527,4.549153,4.889153,4.659153,1.5391529,1.1691529,1.0491529,0.6491528,0.12915283,1.1791528,1.7691529,1.3791528,1.7191528,0.98915285,1.6391529,2.1091528,1.9591528,1.5591528,1.5091529,0.8991528,1.0491529,2.4391527,0.60915285,0.23915283,0.74915284,0.5791528,0.05915283,0.67915285,0.5091528,0.8991528,2.0291529,8.879153,9.419153,9.379153,9.629153,9.289153,8.639153,8.099153,7.869153,8.389153,6.029153,3.7791529,-0.29084718,-0.17084716,-0.20084716,0.009152832,0.029152833,0.03915283,0.5191528
4.909153,4.6691527,4.529153,4.199153,3.999153,4.299153,4.119153,4.2091527,4.029153,3.0891528,3.6791527,3.5991528,3.509153,0.6391528,0.55915284,1.2391528,-0.020847168,0.5291528,1.7491528,1.7591529,1.1591529,1.0491529,1.3691528,1.8791528,0.97915286,1.5191529,1.5591528,1.1491529,1.0691528,0.6991528,1.8191528,0.6391528,1.3491528,0.49915284,1.4291528,0.45915282,-0.48084718,0.78915286,0.68915284,6.659153,8.589153,9.039153,8.789153,9.089153,9.349153,9.609153,8.759152,8.379153,6.9191527,4.929153,1.9391528,0.93915284,0.5991528,0.9091528,0.33915284,0.78915286,1.2391528,1.7191528
4.839153,4.889153,4.719153,4.699153,4.449153,3.509153,3.3391528,3.8491528,4.119153,4.029153,4.619153,4.4591527,2.0791528,-0.41084716,0.38915282,0.5991528,0.80915284,0.7191528,0.5991528,0.86915284,0.47915283,0.9691528,1.0191529,0.9591528,0.73915285,1.5491529,1.6791528,1.0791528,0.24915284,-0.24084717,-0.6508472,0.86915284,0.7191528,1.2391528,2.0591528,0.49915284,-1.1608472,1.1691529,1.0791528,2.239153,8.339153,8.619153,8.049152,8.6791525,9.209153,9.009152,7.049153,7.4391527,7.029153,4.909153,3.8391528,3.8891528,2.5791528,1.8391528,1.3391528,1.4491528,1.0291529,1.7991529
4.699153,4.7491527,4.909153,4.629153,4.3991528,4.359153,4.529153,4.3991528,4.5391526,4.529153,4.0391526,2.459153,0.7191528,0.019152831,0.37915283,0.54915285,0.6591528,0.7691528,1.3891529,0.74915284,0.40915284,-0.13084717,0.5091528,0.31915283,1.1791528,1.6191528,1.2891529,1.1491529,-0.9208472,-0.95084715,0.089152835,0.9491528,1.0191529,1.6491529,1.7391528,-0.16084717,0.24915284,0.44915283,0.24915284,1.6391529,8.879153,7.849153,8.489153,7.849153,8.279153,7.779153,7.1691527,6.6891527,5.599153,5.549153,4.849153,3.979153,2.0291529,1.4791528,2.1591527,1.8291528,1.3791528,1.9791528
5.849153,5.6491528,4.909153,5.2891526,5.339153,4.889153,4.699153,3.3091528,3.1091528,3.8591528,3.6491528,0.5291528,-0.69084716,-0.42084718,-0.08084717,-0.20084716,0.6591528,0.44915283,0.6991528,0.12915283,0.09915283,0.14915283,0.5091528,0.8291528,0.73915285,1.1891528,0.42915285,-0.9208472,-0.6008472,0.33915284,0.49915284,1.5391529,2.5291529,2.3391528,2.0191529,0.99915284,4.159153,6.199153,1.9391528,5.679153,2.2691529,8.609153,8.269153,8.169153,7.5391526,6.469153,6.869153,6.0191526,6.129153,6.8991528,6.7491527,4.849153,3.2691529,3.5191529,2.3491528,2.1891527,2.8791528,1.7691529
4.819153,4.7091527,4.929153,4.989153,4.7091527,4.8091526,4.4791527,4.109153,3.5191529,3.4391527,0.60915285,-0.6708472,-0.46084717,0.5091528,-0.19084717,0.30915284,0.62915283,0.5091528,0.049152832,0.6591528,0.5091528,0.49915284,0.26915282,0.14915283,-0.29084718,0.03915283,0.46915284,-0.45084718,-0.6608472,2.1191528,-0.5408472,1.2191528,8.289153,6.029153,0.16915283,-1.2008471,0.9691528,0.9591528,0.14915283,3.699153,3.5691528,3.729153,8.599153,7.1891527,7.2491527,6.909153,7.029153,7.049153,4.879153,0.11915283,1.5391529,2.8891528,2.2791529,3.8091528,3.479153,2.3291528,1.9091529,1.6991528
4.8091526,4.5191526,4.1891527,4.009153,3.8691528,4.279153,3.8891528,3.9091527,3.8991528,1.6291528,0.80915284,0.05915283,0.6491528,-0.7908472,-0.7408472,-0.33084717,-0.27084717,0.05915283,0.7591528,0.28915283,0.6991528,0.5291528,0.27915284,0.98915285,-0.060847167,0.6591528,1.1491529,0.37915283,0.45915282,0.049152832,1.3091528,0.8991528,8.379153,8.329153,0.6491528,1.0991528,1.2891529,-1.2508472,1.5791528,4.449153,4.6891527,2.9091527,5.679153,7.659153,7.159153,7.2691526,5.8091526,4.5191526,3.9091527,4.7691526,2.1191528,0.13915282,0.089152835,-0.22084717,-0.35084715,0.7691528,0.49915284,1.4791528
4.5391526,4.449153,4.5591526,4.9591527,4.839153,5.029153,4.469153,4.109153,3.7991529,4.009153,-0.21084717,-0.62084717,-0.6008472,-0.14084716,-0.060847167,-0.17084716,-0.030847168,0.43915284,-0.14084716,0.37915283,0.33915284,0.27915284,-0.15084717,-0.030847168,0.41915283,0.07915283,0.34915283,0.7691528,0.34915283,0.24915284,-0.5308472,0.91915286,0.61915284,3.239153,2.489153,-0.8408472,5.2091527,6.509153,0.7591528,4.369153,5.349153,3.0391529,1.5391529,6.889153,7.279153,7.489153,6.0591526,4.509153,4.319153,2.3291528,0.20915283,0.8291528,0.28915283,-0.49084717,-0.26084718,0.53915286,2.009153,1.0391529
4.199153,5.1891527,4.4991527,4.569153,4.619153,4.4191527,4.739153,3.7891529,2.8691528,1.4391528,-0.25084716,-0.62084717,-0.26084718,-0.040847167,0.42915285,0.36915284,0.68915284,0.5991528,0.5891528,0.78915286,0.66915286,0.43915284,0.6491528,0.66915286,0.28915283,0.5891528,0.55915284,0.23915283,0.31915283,0.11915283,-0.34084716,0.31915283,1.1291528,0.5091528,1.2691529,-0.07084717,1.0091529,1.9691528,7.569153,8.059153,5.619153,4.8091526,3.0991528,0.21915284,4.7491527,6.759153,5.9791527,5.219153,4.239153,2.259153,1.2191528,0.34915283,0.53915286,0.47915283,0.9091528,-0.39084718,-0.21084717,-0.28084716
4.319153,4.389153,3.9091527,3.509153,3.3791528,3.7991529,3.699153,3.5491529,2.6891527,1.9891528,0.46915284,0.39915285,-0.060847167,0.019152831,0.17915283,0.24915284,0.34915283,0.38915282,0.6491528,0.6591528,0.60915285,0.45915282,1.1991528,0.8491528,0.91915286,0.61915284,-0.42084718,0.5791528,1.3891529,0.67915285,0.12915283,-0.51084715,1.7391528,0.9691528,1.2691529,-0.23084716,3.3491528,0.03915283,3.729153,8.329153,8.709153,5.219153,4.589153,3.489153,1.8591528,3.8891528,6.099153,5.449153,4.179153,2.4091527,1.4591528,1.5891528,1.7991529,2.6491528,1.6691529,0.79915285,0.8991528,-0.81084716
3.7791529,4.489153,3.9091527,4.3991528,4.359153,4.929153,4.489153,4.2891526,3.199153,2.6391528,1.6291528,0.029152833,0.49915284,0.07915283,0.43915284,0.36915284,0.21915284,0.35915282,0.55915284,1.3091528,0.45915282,0.13915282,0.11915283,-0.040847167,-0.41084716,-0.28084716,0.05915283,1.4191529,0.6991528,0.97915286,0.85915285,1.7491528,1.9591528,1.1391529,0.98915285,-0.29084718,1.0891528,8.889153,6.4791527,4.7691526,5.779153,4.3091526,5.129153,5.509153,2.479153,4.0391526,3.1191528,6.2891526,5.079153,3.969153,3.0991528,2.5991528,2.449153,1.9791528,1.2491528,0.03915283,0.31915283,-0.29084718
3.459153,4.0591526,3.6791527,3.9291527,3.229153,4.139153,4.9391527,3.6791527,4.329153,0.41915283,-0.13084717,0.66915286,0.45915282,0.5791528,0.9091528,0.53915286,-0.26084718,0.36915284,-0.08084717,0.41915283,0.7791528,0.6491528,-0.6108472,-0.75084716,-0.50084716,-0.21084717,-0.14084716,0.7791528,0.74915284,0.80915284,0.10915283,0.55915284,1.0791528,1.3191528,0.21915284,2.1791527,3.3391528,3.3991528,3.0891528,4.2691526,2.8691528,4.4991527,5.509153,7.089153,7.3991528,7.079153,4.1491528,2.6091528,5.2091527,5.429153,3.969153,1.8291528,1.9691528,0.06915283,0.9691528,0.43915284,0.25915283,-0.68084717
4.8991528,5.109153,5.119153,5.489153,5.029153,4.2291527,1.4791528,1.1091528,-2.000847,0.05915283,-0.7208472,-0.56084716,0.03915283,-0.51084715,-0.21084717,1.1891528,0.9491528,0.45915282,-0.20084716,-0.10084717,0.5191528,0.019152831,0.33915284,-0.31084716,-0.19084717,-0.31084716,0.20915283,-0.38084716,-0.64084715,0.60915285,0.44915283,1.4891528,-0.39084718,0.7591528,4.619153,-0.75084716,-0.020847168,-0.69084716,1.1091528,-0.45084718,0.5091528,4.079153,7.989153,7.869153,5.969153,7.1891527,6.369153,4.3091526,3.9191527,4.369153,3.7991529,2.6791527,0.61915284,1.8291528,0.56915283,0.5191528,0.15915284,-1.9808471
0.41915283,2.239153,4.159153,3.9391527,4.1891527,1.3591528,0.43915284,1.9091529,6.1491528,0.27915284,0.67915285,-0.23084716,1.1891528,-0.07084717,-0.26084718,-0.30084717,0.5991528,1.2191528,1.4391528,-1.2608472,-0.40084717,-1.1408472,-0.89084715,0.15915284,0.38915282,-0.24084717,-0.26084718,-0.7808472,0.18915284,0.5991528,2.3391528,2.219153,0.14915283,0.41915283,0.07915283,-0.07084717,-1.0108472,-0.44084716,2.3791528,0.049152832,0.68915284,1.1191528,3.6391528,3.509153,6.679153,4.629153,5.489153,4.869153,4.1891527,4.199153,3.5891528,2.959153,1.7191528,1.4591528,0.48915282,1.4091529,-0.57084715,-0.33084717
2.3891528,1.0591528,0.13915282,-0.17084716,0.8291528,0.74915284,1.1591529,1.2891529,2.5991528,4.6491528,1.4791528,-0.020847168,0.37915283,1.6691529,0.43915284,1.3691528,1.0591528,1.9191529,-0.58084714,1.0491529,0.14915283,-0.17084716,-0.58084714,-0.8508472,0.13915282,0.91915286,0.8891528,1.0091529,1.0591528,0.9691528,1.1291528,1.9291528,2.1291528,1.9691528,0.47915283,1.2591529,-0.8408472,-0.32084715,-0.21084717,-0.090847164,0.13915282,-0.49084717,3.7691529,2.7691529,3.8591528,3.2891529,3.3091528,5.199153,3.4291527,2.8691528,3.499153,3.3891528,2.8391528,1.9191529,1.1191528,0.5291528,-0.090847164,0.049152832
3.199153,-1.2008471,2.759153,1.6091528,1.7691529,2.759153,4.029153,2.8691528,1.3891529,1.8791528,1.8891529,0.5891528,0.8391528,1.2491528,1.6891528,1.9291528,1.9891528,1.6891528,2.489153,2.3091528,1.7191528,1.4391528,1.6191528,0.6591528,-0.6108472,1.0791528,1.8691528,2.9091527,1.8091528,1.0491529,1.0891528,1.6991528,1.8491528,2.4191527,1.5091529,0.9591528,-0.16084717,0.6591528,-0.49084717,0.40915284,-0.40084717,0.55915284,0.009152832,3.1291528,3.0291529,2.479153,3.3591528,5.349153,5.699153,4.3991528,3.5491529,3.4091527,3.3491528,2.4391527,0.8891528,0.089152835,0.32915282,0.19915283
1.7491528,1.7991529,3.4391527,2.489153,3.9291527,3.259153,2.0991528,2.0991528,1.2591529,0.60915285,2.0291529,1.8591528,0.9591528,1.2191528,0.97915286,0.91915286,2.8391528,2.6191528,1.9291528,2.479153,3.239153,3.3691528,1.8291528,0.78915286,1.4591528,3.3891528,2.5591528,1.7991529,2.1291528,1.8191528,1.3091528,0.7191528,1.4891528,2.6891527,1.6491529,1.3691528,0.26915282,0.14915283,-0.10084717,-1.3708472,-0.50084716,0.5891528,-0.08084717,1.7491528,3.3091528,3.5291529,5.4791527,4.739153,4.0391526,3.479153,2.7791529,3.5891528,3.5491529,2.7991529,1.1391529,0.38915282,0.5291528,0.49915284
3.6891527,3.239153,4.879153,3.3991528,2.9091527,2.9091527,0.7591528,0.6391528,1.6391529,1.3191528,1.4791528,1.4891528,-1.2508472,-1.0108472,-1.8308471,1.6991528,1.0191529,-0.22084717,1.4691528,2.1791527,2.3791528,1.5591528,1.4091529,1.0891528,3.749153,2.249153,4.329153,3.229153,1.7491528,0.97915286,1.5291529,1.1591529,1.5791528,2.209153,1.0491529,2.1691527,0.73915285,1.0991528,0.7091528,0.45915282,-0.69084716,-1.8008472,2.1891527,1.2891529,-1.0208472,2.739153,1.7091528,1.3491528,2.479153,3.1391528,3.739153,4.089153,3.209153,2.1891527,1.3891529,0.5891528,0.87915283,0.049152832
2.3891528,2.719153,1.9391528,2.1791527,1.8491528,1.4691528,0.17915283,0.24915284,3.3591528,0.81915283,0.6391528,-1.3108472,1.7991529,0.78915286,-1.9508471,0.67915285,2.2991529,1.8291528,1.4091529,1.9991528,1.9391528,1.5691528,-0.70084715,-0.24084717,1.4791528,2.5191529,0.62915283,-2.1908472,-0.58084714,1.2491528,0.31915283,-0.040847167,0.18915284,0.8991528,1.9591528,1.1391529,0.81915283,1.3991529,2.219153,0.56915283,-0.35084715,0.43915284,0.6991528,0.26915282,-1.6508472,-2.6208472,-0.30084717,-2.2308471,0.09915283,2.5891528,1.1891528,2.2991529,3.8391528,2.989153,1.5491529,0.97915286,0.26915282,-0.33084717
3.0491529,-1.1208472,-0.69084716,-0.8008472,1.1091528,2.9091527,2.1391528,2.479153,-1.2508472,-2.6108472,-1.4208472,0.72915286,-0.64084715,-1.9508471,-2.760847,-3.9208472,3.499153,4.1691527,2.2791529,0.34915283,0.12915283,-0.14084716,-1.3608471,1.8091528,-4.0608473,-4.050847,-4.3308473,-4.390847,-3.4008472,0.73915285,0.8491528,0.15915284,-0.62084717,2.239153,0.38915282,1.5191529,0.36915284,2.5291529,0.34915283,0.32915282,-2.3508472,4.2091527,2.0191529,2.7891529,0.68915284,-1.2408471,-2.5608473,-2.6308472,-2.3508472,-2.4608471,0.6391528,2.2791529,5.049153,2.729153,1.9091529,1.5091529,0.36915284,-0.6708472
-0.7808472,-0.83084714,-2.740847,-3.6608472,-4.550847,-4.390847,-2.9808471,-3.1908472,-1.8208472,-2.2308471,-3.6908472,-3.7208471,-4.3508472,-3.760847,-3.740847,-5.2108474,-4.610847,-2.4108472,1.3591528,-2.8908472,-2.6308472,-2.8108473,-2.740847,-3.8108473,-1.2508472,-3.1308472,-5.340847,-6.170847,-6.260847,-5.880847,-4.860847,-5.410847,-4.7108474,-2.8108473,-2.8108473,-1.1208472,1.0691528,1.4191529,-1.0508472,0.39915285,0.009152832,-1.4508471,1.6691529,9.299152,0.12915283,-1.6908472,-3.6608472,-3.7108471,-2.8508472,-2.4208472,-0.5308472,3.259153,3.989153,2.5191529,-0.30084717,1.6591529,0.25915283,-0.060847167
