src/components/json/2020050700.json
{"header": {"discipline":0,"disciplineName":"Meteorological products","gribEdition":2,"gribLength":106064,"center":7,"centerName":"US National Weather Service - NCEP(WMC)","subcenter":0,"refTime":"2020-05-07T00:00:00.000Z","significanceOfRT":1,"significanceOfRTName":"Start of forecast","productStatus":0,"productStatusName":"Operational products","productType":1,"productTypeName":"Forecast products","productDefinitionTemplate":0,"productDefinitionTemplateName":"Analysis/forecast at horizontal level/layer at a point in time","parameterCategory":2,"parameterCategoryName":"Momentum","parameterNumber":2,"parameterNumberName":"U-component_of_wind","parameterUnit":"m.s-1","genProcessType":2,"genProcessTypeName":"Forecast","forecastTime":0,"surface1Type":103,"surface1TypeName":"Specified height level above ground","surface1Value":10.0,"surface2Type":255,"surface2TypeName":"Missing","surface2Value":0.0,"gridDefinitionTemplate":0,"gridDefinitionTemplateName":"Latitude_Longitude","numberPoints":65160,"shape":6,"shapeName":"Earth spherical with radius of 6,371,229.0 m","gridUnits":"degrees","resolution":48,"winds":"true","scanMode":64,"nx":360,"ny":181,"basicAngle":0,"lo1":0.0,"la1":-90.0,"lo2":359.0,"la2":90.0,"dx":1.0,"dy":1.0}, "data":
[rows 26 to 51 of 181, columns 0 to 57 of 360]
2.559485,3.6594849,4.059485,4.939485,6.0294847,7.469485,10.229485,8.149485,0.37948486,-5.520515,-8.280515,-9.540515,-10.140515,-10.180515,-9.130515,-8.240515,-6.550515,-4.1205153,-1.8505151,0.21948487,-1.6005151,-0.9105151,1.6294849,4.189485,4.949485,5.5294847,7.009485,7.6494846,8.179485,6.329485,3.599485,3.4894848,3.089485,3.7794847,4.0694847,3.809485,4.059485,3.4494848,3.619485,1.7394849,1.4594848,0.6394849,-1.0105151,-3.0105152,-4.360515,-6.010515,-7.560515,-12.280515,-14.340515,-15.100515,-15.330515,-15.390515,-14.820515,-12.780515,-9.490515,-5.670515,-5.9705153,-5.4705153
4.809485,5.3794847,3.879485,2.9894848,4.439485,6.679485,7.729485,7.699485,7.489485,6.8594847,5.499485,4.739485,1.9394848,-3.410515,-6.2205153,-7.050515,-7.070515,-6.2205153,-5.2005153,-3.0705152,-0.08051514,2.589485,2.0094848,1.4194849,4.219485,6.179485,7.459485,7.939485,9.529485,10.479485,10.989485,8.279485,4.809485,3.9894848,3.2794847,4.1494846,4.7794847,4.6494846,4.479485,3.3994849,2.639485,1.7794849,0.46948487,-0.34051514,-0.8505151,-2.3505151,-4.710515,-7.030515,-8.330515,-8.850515,-8.960515,-8.270515,-7.8905153,-6.650515,-5.1605153,-3.8205152,-4.310515,-4.9305153
7.749485,8.459485,10.349484,9.889484,6.3794847,6.2994847,6.739485,6.7994847,5.8794847,7.3594847,7.079485,6.8994846,6.519485,6.3794847,5.7794847,3.839485,1.8894849,-2.2205153,-3.4805152,-3.0305152,-2.2905152,-0.53051513,2.129485,4.599485,4.749485,4.3794847,6.369485,8.119485,9.599484,10.339485,11.299485,11.879485,11.939485,10.379485,6.519485,5.1094847,5.919485,6.239485,5.6294847,5.259485,4.539485,4.329485,3.639485,3.2494848,4.039485,-0.020515136,-2.120515,-4.820515,-6.690515,-8.000515,-8.880515,-9.250515,-8.890515,-6.240515,-4.500515,-3.2205153,-1.0605152,3.339485
9.649485,10.069485,10.149485,9.919485,11.069485,7.769485,7.2794847,7.059485,7.0294847,6.539485,6.849485,6.739485,7.459485,7.559485,7.599485,7.219485,5.909485,6.3994846,6.489485,1.6294849,-0.34051514,-0.09051514,0.67948484,3.089485,4.459485,6.789485,6.499485,7.849485,9.199485,10.239485,11.259485,11.949485,12.469485,12.829485,12.719485,8.429485,7.1094847,8.029485,7.509485,7.369485,7.459485,7.139485,7.329485,6.7794847,7.5694847,5.0694847,2.6594849,-0.35051513,-2.410515,-4.3505154,-4.800515,-3.2605152,-2.3005152,-2.640515,-1.7305151,-0.5405151,0.13948487,2.879485
9.919485,9.379485,9.169485,8.3094845,8.629485,8.009485,7.559485,7.0694847,8.079485,7.1494846,7.459485,8.369485,7.989485,8.5594845,7.829485,7.079485,8.5594845,8.489485,7.449485,7.3394847,4.989485,2.809485,1.7994848,2.069485,5.3994846,6.099485,7.159485,8.469485,8.069485,9.509485,10.579485,11.2694845,12.199485,12.889484,13.549485,13.0594845,10.129485,8.679485,9.569485,9.699485,10.089485,10.349484,10.239485,10.629485,10.709485,11.909485,9.079485,8.599484,7.189485,5.409485,4.769485,3.569485,3.7694848,3.6694849,3.379485,4.159485,4.479485,4.249485
9.489485,8.849484,7.789485,6.959485,7.749485,7.769485,7.369485,7.2994847,7.729485,8.079485,7.419485,8.339485,8.719485,7.3794847,7.409485,8.029485,7.949485,7.099485,7.729485,8.679485,8.689485,5.869485,3.4594848,3.1994848,4.6094847,6.809485,7.439485,8.439485,9.369485,9.8094845,9.609485,10.629485,11.359485,12.149485,12.729485,13.799485,13.709485,12.479485,10.509485,11.409485,11.669485,12.449485,12.819485,13.129485,13.789485,14.889484,15.709485,14.779485,14.509485,14.369485,12.369485,10.659485,9.429485,7.939485,7.909485,7.369485,7.8194847,6.169485
10.8094845,9.189485,5.7794847,5.459485,6.639485,6.759485,6.079485,5.0494847,6.1494846,6.959485,7.439485,6.939485,7.369485,7.849485,8.139484,8.249485,7.7994847,7.719485,8.469485,8.739485,7.699485,7.019485,6.689485,4.6294847,5.139485,5.959485,7.459485,8.609485,9.419485,10.0194845,11.2694845,10.609485,11.009485,11.999485,12.699485,13.369485,14.2694845,14.609485,14.719485,12.189485,13.239485,13.729485,14.579485,14.679485,15.329485,16.189486,16.999485,17.569485,17.139484,15.999485,14.689485,13.839485,12.349484,10.699485,10.589485,10.369485,9.949485,8.729485
12.189485,7.469485,8.779485,8.739485,9.009485,6.229485,4.159485,4.599485,5.7794847,5.939485,6.349485,6.659485,7.0694847,7.059485,7.159485,7.419485,7.829485,7.6494846,8.089485,8.179485,7.459485,7.389485,7.249485,6.849485,5.419485,5.3994846,7.269485,8.0194845,9.369485,10.349484,10.709485,11.299485,11.569485,11.719485,12.109485,13.0194845,13.869485,14.819485,15.0594845,15.529485,14.379485,14.569485,15.359485,15.939485,15.899485,16.209484,17.009485,16.989485,16.559484,15.8094845,15.049485,14.689485,13.749485,12.849484,12.259485,11.879485,11.209485,10.169485
12.189485,7.949485,8.039485,7.309485,7.2994847,6.959485,6.099485,5.909485,5.559485,6.259485,6.1094847,5.8994846,6.3794847,6.199485,5.469485,6.139485,6.759485,6.829485,6.3794847,6.559485,7.009485,7.689485,7.869485,7.489485,5.999485,5.5494847,7.159485,8.119485,9.659485,10.299485,10.249485,10.719485,11.459485,12.009485,11.969485,12.5194845,14.049485,14.379485,14.8094845,14.699485,16.489485,16.799484,15.259485,16.009485,16.349485,16.489485,16.369484,16.009485,15.849484,15.099484,15.329485,16.009485,14.819485,13.849484,13.369485,12.739485,11.759485,10.5594845
9.259485,7.419485,7.079485,6.739485,6.369485,5.939485,5.729485,5.619485,6.189485,5.869485,5.769485,5.0294847,5.3994846,4.309485,4.119485,5.209485,5.789485,5.949485,4.869485,5.6494846,6.1494846,6.689485,6.5694847,6.929485,5.989485,5.849485,6.3994846,7.559485,8.889484,9.739485,10.049485,10.199485,10.869485,11.349484,12.129485,12.359485,13.159485,14.049485,14.779485,15.239485,15.319485,15.999485,16.439486,14.879485,14.969485,15.0594845,15.009485,14.799485,14.629485,16.379484,16.539484,15.439485,14.8094845,14.3094845,13.239485,12.719485,11.179485,10.619485
12.459485,8.189485,7.939485,6.849485,5.889485,5.8194847,6.369485,5.489485,5.5494847,5.749485,5.769485,4.8594847,3.639485,2.889485,3.0294847,3.2694848,4.119485,3.4094849,3.309485,4.0694847,3.1894848,4.259485,4.959485,6.1294847,6.1094847,6.0894847,5.8194847,6.919485,8.259485,8.879485,9.0594845,9.0594845,9.939485,10.899485,11.469485,11.8094845,12.589485,13.329485,13.929485,14.2694845,14.759485,15.509485,15.529485,15.5594845,15.029485,14.399485,13.859485,14.469485,17.039484,16.659485,15.179485,14.859485,14.3094845,12.949485,12.949485,11.689485,10.929485,11.889484
9.759485,9.399485,7.789485,6.369485,5.219485,5.419485,4.5694847,4.469485,4.019485,4.479485,3.9494848,3.049485,1.4694848,0.6494849,1.2494849,1.0694848,0.92948484,0.90948486,0.52948487,0.39948487,0.8294849,1.6994848,2.639485,3.2794847,3.539485,4.409485,4.969485,5.979485,7.499485,8.069485,8.049485,8.629485,9.099484,10.029485,10.799485,11.429485,11.969485,12.639484,13.069485,13.869485,14.359485,15.359485,15.499485,15.949485,16.719484,17.539484,18.299484,17.409485,16.259485,14.929485,14.379485,13.549485,12.459485,12.029485,11.419485,10.599484,11.339485,11.659485
9.459485,9.659485,8.429485,6.519485,6.1294847,4.3394847,3.4394848,3.1894848,2.4194849,1.9794849,2.2094848,0.22948486,-0.49051514,-1.4305152,-1.2505151,-2.0705152,-2.7405152,-2.8205152,-1.8605151,-2.3205152,-1.6905152,-1.2205151,-0.31051514,1.5794848,1.7894849,2.0194848,2.4094849,4.6094847,5.699485,6.219485,7.0294847,7.739485,8.389484,8.899485,9.489485,10.749485,11.349484,11.369485,12.2694845,13.039485,13.969485,14.349484,14.439485,15.239485,15.969485,16.709484,16.619484,15.819485,14.819485,13.8094845,12.759485,11.839485,10.929485,9.189485,11.869485,11.5594845,11.3094845,13.089485
9.969485,10.499485,8.0194845,6.8994846,6.829485,4.769485,3.349485,1.7094848,1.1394849,-0.57051516,-1.6005151,-3.5005152,-3.3405151,-4.280515,-4.380515,-5.540515,-6.000515,-5.510515,-6.040515,-6.000515,-4.560515,-4.1005154,-2.5605152,-1.5305152,-0.12051514,0.52948487,1.8994849,2.4094849,3.2694848,4.469485,5.999485,7.0294847,6.949485,7.829485,8.299485,9.509485,10.209485,10.959485,11.489485,12.359485,12.659485,13.119485,13.719485,13.929485,14.719485,15.079485,15.389484,15.179485,14.569485,14.369485,12.759485,11.889484,11.399485,14.919485,10.7694845,11.909485,14.199485,12.579485
10.109485,9.159485,8.039485,6.219485,6.979485,3.369485,2.289485,1.8894849,-0.09051514,-2.3505151,-2.7205153,-3.3105152,-5.1405153,-4.3905153,-5.060515,-5.290515,-7.590515,-8.080515,-8.010515,-8.210515,-7.380515,-6.090515,-5.110515,-4.730515,-2.8505151,-1.3205152,-0.11051514,0.5694849,1.7094848,2.379485,3.609485,5.579485,7.099485,6.989485,7.199485,7.639485,8.499485,9.589485,10.399485,10.969485,11.939485,12.549485,13.179485,14.199485,14.949485,15.049485,15.349484,15.589485,15.949485,15.869485,15.189485,14.279485,14.969485,13.849484,13.229485,14.109485,14.109485,13.369485
8.469485,8.399485,8.2694845,8.119485,6.719485,6.3194847,5.079485,4.139485,1.4294848,0.43948486,1.2394849,2.1894848,3.859485,4.3794847,5.509485,6.759485,7.679485,7.189485,0.42948487,-4.880515,-6.920515,-7.780515,-7.4505153,-5.840515,-4.9705153,-3.6005151,-0.31051514,0.22948486,0.59948486,1.0594848,2.789485,3.6994848,5.0694847,6.829485,6.989485,6.8794847,6.999485,7.909485,8.739485,9.789485,10.549485,11.209485,12.079485,12.899485,13.899485,14.5594845,14.839485,15.189485,15.529485,16.739485,16.079485,15.0194845,15.259485,16.299484,15.329485,15.109485,14.459485,13.049485
7.889485,8.389484,8.289485,7.669485,6.959485,7.6294847,6.579485,5.939485,3.7594848,6.189485,6.3594847,5.329485,6.419485,7.679485,8.389484,9.939485,9.929485,9.079485,8.859485,7.559485,4.1294847,-4.280515,-7.420515,-7.380515,-6.330515,-4.9305153,-3.3405151,-1.4705151,0.8294849,1.3094848,2.9894848,3.0194848,4.2794847,6.119485,7.419485,6.039485,6.599485,6.939485,7.769485,8.529485,9.5594845,10.329485,10.569485,11.589485,12.449485,13.629485,14.089485,14.699485,14.449485,16.409485,13.369485,18.019485,16.779486,16.019485,14.969485,14.179485,12.919485,12.719485
7.729485,7.7794847,8.0194845,7.019485,8.419485,9.0594845,6.749485,7.769485,7.969485,8.3094845,7.189485,7.3194847,7.579485,6.419485,6.3994846,8.619485,10.649485,10.139484,9.259485,10.689485,10.179485,7.1294847,0.55948484,-4.650515,-6.830515,-6.810515,-4.440515,-3.170515,-1.9705151,0.8994849,2.7694848,3.849485,4.179485,4.8194847,5.919485,6.739485,5.849485,5.229485,7.139485,8.0594845,8.989485,9.729485,10.699485,11.539485,12.5194845,13.539485,14.209485,15.739485,15.209485,17.349485,17.109486,16.689486,15.739485,13.329485,12.649485,12.749485,12.219485,11.949485
7.729485,8.089485,7.0694847,7.979485,7.949485,8.039485,8.5594845,8.659485,9.869485,9.259485,8.939485,8.369485,8.659485,7.7994847,6.289485,7.5294847,8.689485,9.699485,10.339485,9.469485,9.629485,9.539485,7.269485,2.2194848,-4.380515,-7.070515,-5.380515,-3.620515,-3.610515,-0.9205151,1.8694849,3.349485,4.2994847,5.389485,6.009485,7.479485,6.8194847,7.079485,4.829485,6.909485,7.929485,9.009485,10.529485,11.539485,12.789485,14.069485,14.949485,15.359485,15.149485,15.3094845,14.979485,14.129485,12.629485,11.759485,11.489485,10.939485,10.689485,11.639484
8.049485,8.129485,8.329485,9.029485,8.7694845,8.339485,8.549485,10.389484,10.459485,10.219485,8.509485,6.8794847,8.289485,7.699485,6.269485,6.679485,7.3194847,8.469485,9.659485,9.959485,10.259485,10.0594845,10.079485,8.639484,5.389485,-2.5605152,-5.040515,-4.550515,-4.340515,-1.8305151,0.28948486,1.2394849,3.8994849,5.829485,6.1494846,6.749485,6.759485,7.5694847,8.649485,10.079485,10.989485,11.5194845,12.079485,13.069485,13.619485,13.869485,13.669485,13.159485,13.479485,13.619485,13.419485,12.179485,11.369485,10.619485,8.909485,9.029485,9.759485,10.329485
8.0594845,7.7794847,9.319485,10.259485,11.589485,11.989485,12.009485,11.299485,10.869485,11.639484,11.579485,9.929485,9.219485,8.229485,7.689485,9.189485,8.639484,7.539485,7.5294847,8.649485,9.489485,9.849484,9.689485,9.029485,8.929485,7.6094847,-1.6305151,-5.650515,-5.9105153,-4.020515,-1.4105152,1.3694849,3.369485,4.509485,4.189485,6.169485,7.509485,6.499485,8.079485,9.2694845,9.649485,10.229485,10.849484,11.079485,11.249485,11.529485,12.189485,11.819485,12.229485,12.039485,12.539485,11.429485,10.499485,8.789485,7.1094847,6.949485,8.139484,8.389484
7.969485,8.589485,9.509485,10.649485,11.389484,13.0594845,13.409485,13.719485,13.2694845,12.619485,12.339485,11.399485,12.289485,9.629485,10.619485,8.889484,8.389484,8.739485,7.3594847,7.869485,8.979485,9.709485,9.209485,8.899485,9.139484,8.379485,7.8994846,9.299485,-0.97051513,-2.190515,-2.210515,-0.5405151,1.9294848,2.9694848,3.4994848,5.0694847,6.119485,8.5594845,9.109485,9.239485,9.5194845,9.7694845,10.079485,10.119485,9.819485,10.219485,10.439485,10.619485,11.079485,11.139484,10.869485,9.929485,9.469485,10.909485,8.949485,5.729485,6.699485,6.999485
8.139484,9.159485,9.749485,10.189485,11.139484,12.449485,13.869485,14.449485,14.089485,12.649485,12.729485,14.049485,12.599484,9.689485,9.149485,9.179485,7.8594847,8.089485,8.719485,7.059485,7.3394847,8.119485,8.149485,8.909485,8.929485,8.009485,8.209485,8.989485,8.929485,2.559485,4.0894847,3.9494848,3.849485,5.099485,5.769485,6.219485,5.8194847,7.3194847,7.969485,8.079485,8.189485,8.549485,9.419485,9.829485,9.779485,9.449485,9.799485,9.699485,9.5594845,8.919485,8.839485,8.399485,9.569485,10.639484,8.119485,5.5494847,6.3194847,7.259485
8.479485,9.089485,9.459485,9.779485,10.299485,12.209485,13.079485,13.099484,12.839485,12.999485,12.279485,11.819485,10.759485,9.629485,9.389484,8.679485,7.499485,7.469485,8.239485,7.189485,6.209485,6.229485,8.099484,7.969485,7.8194847,7.009485,7.169485,7.8994846,8.969485,6.119485,4.849485,4.259485,3.819485,3.9694848,4.829485,4.989485,4.3394847,4.939485,5.8994846,6.919485,6.719485,6.979485,7.1294847,7.429485,7.559485,7.599485,7.389485,6.919485,6.5894847,6.8394847,6.8194847,9.069485,10.189485,12.169485,7.889485,6.709485,7.079485,7.6494846
9.289485,8.669485,8.589485,10.0594845,11.379485,12.0594845,11.969485,10.409485,10.539485,10.659485,10.469485,8.829485,8.859485,9.179485,7.3394847,7.789485,8.119485,8.129485,8.409485,8.289485,7.479485,7.239485,6.8594847,7.099485,5.219485,5.169485,8.149485,7.479485,7.419485,5.119485,4.419485,3.7294848,3.6494849,4.0694847,4.079485,4.459485,3.7194848,3.4094849,3.539485,4.289485,4.3794847,4.6294847,4.509485,4.729485,5.179485,5.1094847,4.539485,3.9894848,4.059485,5.229485,7.739485,9.949485,12.049485,9.789485,7.659485,7.659485,7.039485,7.949485
9.399485,8.999485,9.299485,9.679485,8.879485,8.279485,9.0194845,9.609485,10.459485,9.659485,7.979485,7.459485,7.0294847,6.509485,6.439485,7.599485,6.869485,6.389485,5.6494846,5.709485,5.0894847,5.749485,6.579485,7.0294847,6.689485,6.369485,4.929485,5.3794847,4.419485,3.859485,3.859485,2.6794848,1.6294849,1.8094848,1.7594849,2.099485,0.6294849,0.91948485,0.77948487,1.5994849,2.1994848,2.339485,2.129485,2.289485,2.089485,1.9594848,2.1794848,2.6494849,3.629485,6.119485,7.679485,11.189485,8.489485,7.679485,6.999485,6.849485,7.3194847,6.579485
