src/components/data.json
{"header": {"discipline":0,"disciplineName":"Meteorological products","gribEdition":2,"gribLength":106064,"center":7,"centerName":"US National Weather Service - NCEP(WMC)","subcenter":0,"refTime":"2020-04-26T06:00:00.000Z","significanceOfRT":1,"significanceOfRTName":"Start of forecast","productStatus":0,"productStatusName":"Operational products","productType":1,"productTypeName":"Forecast products","productDefinitionTemplate":0,"productDefinitionTemplateName":"Analysis/forecast at horizontal level/layer at a point in time","parameterCategory":2,"parameterCategoryName":"Momentum","parameterNumber":3,"parameterNumberName":"V-component_of_wind","parameterUnit":"m.s-1","genProcessType":2,"genProcessTypeName":"Forecast","forecastTime":0,"surface1Type":103,"surface1TypeName":"Specified height level above ground","surface1Value":10.0,"surface2Type":255,"surface2TypeName":"Missing","surface2Value":0.0,"gridDefinitionTemplate":0,"gridDefinitionTemplateName":"Latitude_Longitude","numberPoints":65160,"shape":6,"shapeName":"Earth spherical with radius of 6,371,229.0 m","gridUnits":"degrees","resolution":48,"winds":"true","scanMode":64,"nx":360,"ny":181,"basicAngle":0,"lo1":0.0,"la1":-90.0,"lo2":359.0,"la2":90.0,"dx":1.0,"dy":1.0}, "data":
[rows 52 to 77 of 181, columns 236 to 294 of 360]
7.776621,6.0866213,4.5466213,2.4866211,2.866621,4.756621,4.636621,5.366621,5.526621,5.256621,4.3366213,-1.5033789,-8.743379,-12.233379,-13.863379,-13.283379,-11.943378,-10.613379,-10.383379,-8.633379,-6.713379,-5.593379,-4.383379,-3.0133789,-1.6833789,-0.1533789,0.3566211,2.116621,3.7166212,4.686621,5.776621,5.676621,6.1266212,6.6266212,7.406621,8.056622,8.546621,8.586621,8.966621,9.116621,9.206621,7.966621,6.446621,5.116621,-6.773379,-8.343379,-8.963379,-7.383379,-6.363379,-7.493379,-4.803379,-0.62337893,0.42662108,0.08662109,-0.5133789,-5.1233788,-2.183379,-3.423379,-4.423379
7.366621,6.8766212,4.906621,3.9266212,4.346621,5.536621,6.236621,6.696621,7.076621,6.0466213,4.176621,-1.1233789,-8.943378,-11.563379,-12.863379,-12.873379,-12.213379,-11.003379,-10.603379,-8.283379,-6.8933787,-4.213379,-3.213379,-2.343379,-0.5133789,-0.81337893,0.2366211,2.606621,4.396621,4.886621,4.926621,5.166621,6.726621,7.156621,7.536621,8.456621,8.866621,9.256621,9.246621,8.616621,9.066621,8.586621,6.996621,-5.403379,-5.3933787,-3.703379,-7.293379,-8.083379,-8.313379,-8.573379,-5.473379,0.56662107,-0.2833789,0.2166211,-1.3833789,-7.363379,-8.193378,-3.7433789,-3.673379
7.946621,5.926621,4.946621,5.0666213,5.806621,6.846621,7.0466213,6.936621,6.686621,4.446621,2.4966211,-1.923379,-6.583379,-10.433379,-12.473379,-12.063379,-11.223379,-10.313379,-8.163379,-8.033379,-5.6433787,-4.253379,-2.453379,-0.023378907,-1.7433789,0.3666211,1.076621,3.046621,5.016621,5.576621,5.266621,6.306621,6.3766212,7.236621,7.776621,8.836621,9.376621,9.106621,9.186621,8.886621,9.216621,6.5866213,-3.143379,4.3366213,-3.8033788,-3.713379,-9.413379,-7.463379,-10.863379,-9.373379,-7.253379,-5.593379,-1.293379,0.3766211,-1.3633789,-3.9933789,-4.3933787,-2.5533788,-2.903379
6.896621,6.576621,6.0466213,6.756621,8.106621,7.216621,6.416621,1.9466211,3.776621,3.306621,0.9766211,-1.173379,-5.853379,-6.553379,-11.933379,-12.133379,-11.183379,-9.853379,-7.903379,-7.563379,-5.6233788,-4.043379,-1.7033789,0.4466211,-0.3133789,1.1066211,2.396621,3.2166212,4.776621,4.726621,5.576621,6.6066213,6.556621,7.1066213,7.596621,8.166621,9.246621,9.266621,8.786621,8.166621,3.846621,4.526621,3.7566211,5.0466213,-6.753379,-5.563379,-9.513379,-8.993379,-11.243379,-11.253379,-8.103379,-5.783379,-0.7833789,-0.5233789,-1.663379,-2.413379,1.8966211,-1.0633789,-1.673379
7.616621,7.786621,7.536621,7.396621,7.656621,5.916621,-0.1233789,2.036621,2.7566211,2.556621,1.4766212,-2.0733788,-5.093379,-5.173379,-9.303379,-12.353379,-10.673379,-9.213379,-7.363379,-6.693379,-4.783379,-2.5233788,-1.1433789,0.6366211,-0.5833789,1.7566211,2.516621,3.376621,4.706621,5.676621,6.016621,6.886621,6.496621,7.536621,7.8166213,8.626621,8.726621,8.506621,7.976621,6.8566213,2.836621,3.106621,5.776621,2.356621,-5.1233788,-5.973379,-9.623379,-11.533379,-11.213379,-10.183379,-7.903379,-5.823379,-2.8233788,-0.9033789,-0.8233789,0.2166211,5.396621,4.486621,-1.2733788
8.696621,7.906621,7.936621,6.016621,1.7666211,0.5266211,1.4466211,2.6866212,2.906621,2.266621,2.296621,-4.503379,-5.803379,-4.1833787,-10.743379,-11.773379,-9.803379,-8.133379,-6.753379,-4.793379,-4.753379,-2.2533789,-0.9633789,0.9066211,1.4266211,1.9966211,2.036621,4.1266212,4.886621,5.426621,6.406621,6.216621,5.906621,6.896621,7.1266212,7.846621,6.526621,7.246621,6.976621,4.696621,4.576621,5.016621,4.166621,-2.463379,-4.8933787,-7.173379,-7.333379,-9.473379,-10.683379,-10.523379,-7.533379,-5.333379,-3.143379,-0.5933789,-0.5133789,0.7866211,4.756621,-0.2733789,-2.223379
5.306621,1.8666211,-0.7633789,-0.19337891,0.2166211,1.3566211,3.4566212,2.776621,2.266621,3.9866211,-2.2733788,-2.913379,-4.133379,-6.023379,-11.183379,-10.253379,-9.213379,-8.103379,-6.283379,-3.863379,-3.883379,-1.4533789,-0.2433789,1.0266211,2.126621,2.026621,3.576621,3.9866211,5.006621,5.886621,6.306621,5.926621,5.516621,6.866621,6.0866213,7.286621,6.146621,6.306621,6.176621,4.786621,5.206621,4.946621,1.9266211,-1.7433789,-5.223379,-5.243379,-8.013379,-7.023379,-11.443378,-8.613379,-6.4533787,-4.193379,-2.0133789,-1.1133789,-2.3233788,-0.6433789,2.9166212,4.686621,0.7966211
-1.043379,0.08662109,0.3366211,1.5566211,1.846621,2.9566212,3.106621,3.4366212,2.7366211,-0.3633789,-0.6633789,-0.9233789,-5.4133787,-8.533379,-9.513379,-10.003379,-8.503379,-6.9333787,-5.313379,-3.9933789,-2.873379,-0.9133789,0.48662108,1.2466211,2.616621,3.4366212,3.556621,4.436621,4.246621,5.156621,6.436621,6.596621,6.526621,6.306621,6.7966213,6.666621,7.056621,6.656621,6.386621,5.0466213,5.216621,3.7466211,1.466621,-2.3233788,-4.633379,-4.8733788,-7.973379,-9.9033785,-9.203379,-7.213379,-4.923379,-2.5433788,0.036621094,-0.4133789,1.3166211,-2.403379,1.8766211,6.476621,2.826621
0.7666211,1.6666211,1.7966211,1.6166211,1.6066211,1.4066211,2.656621,2.0066211,1.0666211,0.5166211,-0.1233789,-0.3433789,-3.953379,-7.9533787,-10.243379,-9.603379,-8.1533785,-6.523379,-4.523379,-2.653379,-1.1333789,-0.29337892,0.6366211,1.9766212,2.4766212,3.126621,3.026621,3.286621,4.216621,5.0666213,5.516621,5.996621,6.3766212,6.716621,6.886621,6.306621,6.696621,7.416621,6.466621,5.686621,6.026621,3.556621,-0.2733789,-3.383379,-4.543379,-4.653379,-8.253379,-8.743379,-7.083379,-5.853379,-2.963379,-0.5233789,2.276621,-0.0033789063,-0.45337892,-0.4233789,1.596621,3.306621,0.22662109
1.8966211,2.6666212,2.4266212,2.036621,2.2366211,2.656621,2.2566211,2.386621,0.7366211,1.216621,2.316621,-0.1233789,-2.5633788,-8.923379,-9.533379,-7.843379,-6.823379,-5.6233788,-3.963379,-2.703379,-1.0533789,-0.5733789,0.7566211,1.8166211,2.6766212,2.826621,3.1766212,3.606621,3.5066211,4.696621,5.166621,5.706621,5.7966213,5.666621,5.236621,5.526621,5.536621,6.3366213,5.786621,5.016621,4.446621,1.846621,0.5766211,-2.633379,-2.8233788,-5.983379,-7.563379,-5.843379,-5.783379,-3.8133788,-1.2633789,1.8866211,4.5866213,0.5466211,-0.4033789,-2.693379,-1.3633789,1.5066211,-0.6433789
1.8566211,1.3666211,1.5066211,1.6366211,2.1966212,2.2366211,2.116621,2.1966212,1.9066211,3.2266212,2.9366212,-2.5533788,-6.073379,-7.523379,-7.483379,-6.333379,-6.6833787,-6.113379,-3.903379,-2.2533789,-0.7333789,0.6766211,-0.5133789,1.5666211,2.576621,3.526621,3.786621,4.056621,4.5666213,3.526621,4.786621,4.756621,5.196621,5.266621,5.936621,5.166621,5.646621,5.426621,4.956621,4.536621,3.556621,0.9466211,0.056621093,-0.9133789,-4.1433787,-5.883379,-5.423379,-4.863379,-3.2833788,-2.5733788,0.4666211,3.9866211,6.306621,1.7566211,0.2766211,-5.213379,-2.173379,1.8666211,-0.5133789
1.576621,0.8666211,0.9966211,2.1866212,2.386621,2.306621,2.2466211,2.896621,4.096621,2.016621,1.0266211,-5.823379,-6.763379,-9.063379,-6.823379,-5.8733788,-4.833379,-4.3933787,-2.7933788,-1.5633789,-0.45337892,0.1466211,2.2166212,0.2366211,2.576621,3.766621,4.1066213,4.3566213,4.676621,4.496621,3.876621,4.526621,5.156621,5.116621,4.806621,4.1066213,4.3566213,4.246621,4.306621,2.7566211,2.516621,2.586621,1.0566211,-2.103379,-4.283379,-4.4133787,-4.2033787,-2.7833788,-2.5133789,-0.7033789,2.596621,5.176621,6.506621,7.386621,-1.7133789,-1.783379,-1.533379,0.066621095,-2.863379
1.7666211,0.9866211,0.9466211,1.096621,2.056621,3.516621,4.676621,5.576621,2.396621,1.6366211,-3.383379,-7.1433787,-7.423379,-7.053379,-7.073379,-6.313379,-5.883379,-3.863379,-3.0833788,-1.9533789,-0.2433789,0.5166211,0.9166211,2.896621,2.336621,2.9466212,3.646621,4.196621,4.286621,4.0866213,4.0466213,4.686621,4.766621,3.786621,3.7166212,3.9166212,3.906621,4.266621,4.016621,4.186621,3.9266212,2.6666212,-1.5233788,-2.423379,-3.2633789,-2.7933788,-2.3033788,-1.3633789,-0.87337893,1.4866211,4.1066213,5.806621,6.756621,8.236621,-0.7033789,-2.593379,-0.6033789,-2.913379,-0.4733789
-2.4933789,-1.5933789,-0.8633789,1.466621,3.2366211,3.4766212,0.6366211,2.2266212,2.266621,-0.043378904,-6.153379,-6.8933787,-6.343379,-5.923379,-5.3933787,-5.243379,-3.593379,-2.673379,-2.2533789,-0.7733789,-0.043378904,1.2266212,2.516621,1.956621,2.856621,3.156621,1.6166211,3.7566211,3.806621,4.5666213,4.806621,4.756621,4.986621,4.986621,5.136621,5.386621,5.346621,5.3566213,5.286621,5.516621,0.4366211,-0.2033789,-0.9033789,-2.0333788,-1.4533789,-1.0233788,-0.93337893,0.5466211,1.3166211,3.2566211,4.5866213,5.456621,6.766621,7.846621,-1.663379,0.2566211,0.68662107,-0.16337891,0.2366211
-1.8733789,-1.8933789,-0.5433789,0.006621094,1.096621,1.2966211,1.1466211,0.3466211,-0.033378907,-1.2033789,-5.173379,-5.773379,-5.133379,-4.323379,-3.5433788,-2.953379,-1.7333789,-2.373379,-0.6933789,-0.5033789,0.096621096,0.6766211,0.9966211,1.2366211,1.9266211,2.4466212,2.606621,3.5066211,2.816621,3.866621,5.656621,5.936621,6.186621,5.896621,4.726621,5.806621,5.156621,1.9966211,1.2466211,0.68662107,0.5366211,0.08662109,-0.6733789,0.42662108,0.1766211,-0.2133789,0.5066211,1.9366211,2.2066212,3.6866212,4.246621,4.496621,5.636621,4.0866213,0.7366211,0.7166211,0.19662109,-0.9133789,1.076621
-1.8533789,-3.213379,-1.2033789,-0.1233789,0.6166211,1.1466211,1.6466211,0.9566211,1.6566211,-3.213379,-4.813379,-4.063379,-2.983379,-2.223379,-1.8933789,-1.153379,-0.7233789,-1.7533789,0.006621094,-0.13337891,0.5566211,1.216621,1.326621,2.046621,2.286621,2.776621,2.826621,2.826621,2.9466212,3.2466211,3.786621,4.166621,4.5666213,2.9266212,3.136621,2.776621,2.156621,2.326621,1.6466211,2.1966212,1.7566211,1.2366211,1.1866211,0.48662108,0.8966211,0.6166211,1.596621,2.1866212,2.296621,3.106621,3.126621,4.166621,4.096621,3.306621,0.8066211,0.9566211,1.9166211,-0.7033789,-0.9133789
-1.653379,-1.033379,-0.8933789,0.29662108,1.3166211,1.326621,2.556621,2.646621,0.3966211,-4.8733788,-3.613379,-2.173379,-1.3933789,-0.8033789,0.046621095,0.2866211,-0.053378906,-0.8833789,-0.2833789,0.036621094,1.0266211,0.6366211,0.7466211,1.4766212,2.316621,2.566621,2.906621,2.9466212,3.156621,3.536621,3.7266212,3.4866211,3.786621,3.766621,3.326621,3.346621,2.9166212,2.9866211,2.2566211,2.606621,2.4866211,2.516621,1.716621,1.6966211,1.1766211,1.2866211,1.846621,2.346621,2.1766212,2.346621,2.9366212,3.406621,2.9766212,3.026621,1.706621,1.2366211,0.3266211,-0.5533789,0.6766211
-0.5333789,-0.4133789,0.2866211,1.2766211,2.056621,2.7566211,3.386621,2.9966211,-4.253379,-3.683379,-2.2533789,-0.6133789,0.106621094,0.3666211,0.3266211,-0.8533789,0.4766211,0.6366211,0.8666211,0.8066211,1.1266211,1.326621,2.096621,2.4666212,2.346621,2.596621,3.526621,3.6966212,3.4266212,3.1666212,3.036621,3.656621,3.7366211,3.4366212,4.496621,3.9366212,3.7266212,3.656621,3.356621,3.6766212,2.4166212,2.086621,1.4366211,1.6966211,0.7566211,1.2766211,1.4766212,2.2366211,1.5366211,2.386621,3.526621,3.576621,3.536621,3.126621,1.1366211,0.68662107,1.7666211,0.8366211,-0.2533789
-0.2833789,0.1466211,0.096621096,1.1866211,2.066621,1.6166211,-0.4333789,-0.4033789,-2.093379,-1.7433789,-0.5233789,0.1866211,0.1866211,0.8966211,0.9866211,0.8566211,0.046621095,0.56662107,0.6366211,1.0266211,-0.48337892,0.1866211,0.6766211,1.3566211,1.3066211,1.7966211,2.4166212,4.276621,4.516621,3.7066212,4.3166213,3.146621,4.536621,4.3366213,3.9266212,4.036621,3.766621,3.9266212,3.9466212,3.656621,2.9966211,2.816621,2.626621,2.6966212,1.5266211,1.6266211,1.7366211,1.8066211,2.516621,2.9166212,3.076621,3.1966212,3.306621,3.036621,-0.5533789,0.3166211,2.286621,-0.053378906,0.07662109
0.7066211,0.93662107,0.3866211,-1.3133789,0.006621094,0.7666211,0.9466211,0.42662108,-0.62337893,-0.1533789,0.106621094,1.216621,0.9966211,0.7366211,1.6766211,1.3966211,0.2366211,1.336621,0.8566211,0.6366211,1.0366211,1.6466211,1.5066211,2.566621,3.2166212,3.366621,3.9166212,3.2266212,3.266621,3.296621,3.566621,4.006621,4.266621,4.266621,4.266621,4.3566213,4.036621,3.6966212,4.186621,4.206621,2.7566211,2.6866212,2.6766212,2.4466212,2.146621,1.826621,1.8166211,1.7866211,2.376621,2.596621,3.2566211,3.026621,3.2066212,1.9866211,0.3366211,0.8566211,2.266621,3.1666212,-0.7133789
1.9766212,1.1166211,0.8366211,-0.5433789,0.016621094,0.5166211,0.046621095,-0.073378906,0.1766211,0.7366211,1.5066211,1.8666211,1.6966211,1.2966211,1.6366211,0.9466211,0.93662107,0.26662108,0.8266211,1.8566211,2.066621,2.2166212,2.856621,3.346621,3.066621,2.556621,3.2266212,3.356621,2.866621,3.546621,3.586621,4.176621,4.256621,4.0466213,4.0866213,4.3166213,4.956621,3.786621,4.076621,3.796621,3.056621,3.6966212,3.2266212,2.646621,2.2166212,2.076621,1.1666211,2.356621,2.9866211,3.1966212,3.146621,3.2066212,2.7366211,2.4866211,0.9866211,0.81662107,0.7466211,-0.3033789,0.3866211
2.4566212,0.07662109,0.07662109,-0.32337892,-0.10337891,1.2466211,1.1266211,0.7866211,0.3366211,1.2866211,1.6266211,1.8066211,1.6666211,1.0266211,1.0566211,1.2466211,0.6766211,1.586621,1.5666211,2.336621,1.8566211,3.066621,3.4666212,2.286621,2.376621,3.386621,2.606621,1.7866211,2.846621,3.126621,3.626621,4.346621,5.466621,5.226621,5.186621,4.896621,3.876621,4.196621,3.606621,4.5466213,4.536621,3.276621,2.856621,2.616621,2.786621,2.7566211,3.1666212,3.836621,3.7366211,3.586621,2.606621,2.306621,1.4366211,-0.06337891,0.6066211,-0.3933789,-0.9533789,-1.5733789,0.106621094
0.24662109,-1.7233789,-0.3633789,-0.033378907,0.6766211,1.9366211,1.8566211,1.5666211,2.1666212,1.8966211,2.066621,2.776621,1.9466211,1.5166211,1.3866211,0.7466211,1.7466211,1.5066211,1.9266211,1.7966211,2.4866211,2.7466211,3.4966211,2.076621,1.8166211,3.836621,2.9766212,3.4966211,3.796621,4.286621,4.5666213,5.6266212,5.386621,4.346621,3.046621,3.606621,3.616621,3.336621,3.606621,4.536621,3.826621,3.276621,2.9666212,3.1966212,3.556621,4.926621,3.896621,4.496621,3.856621,2.606621,0.9266211,-0.14337891,0.08662109,0.4166211,0.2566211,-2.223379,0.7066211,0.8666211,-0.26337892
0.24662109,-0.4133789,0.8566211,0.2166211,1.1066211,0.4466211,1.836621,2.1966212,1.7666211,1.5366211,3.076621,2.2166212,2.316621,2.9966211,2.2566211,2.6966212,2.036621,2.356621,2.6666212,2.156621,2.386621,2.5066211,3.106621,3.826621,3.396621,3.2466211,2.6766212,4.176621,4.326621,4.666621,5.536621,6.276621,3.9666212,2.106621,2.876621,3.066621,2.626621,3.6766212,4.416621,3.9266212,3.4366212,3.276621,3.4166212,4.3566213,4.936621,4.926621,4.6066213,4.7966213,4.766621,0.93662107,-0.3733789,-0.13337891,1.3766211,1.956621,-0.6033789,-0.7533789,0.056621093,0.5966211,-0.26337892
-0.0833789,1.5566211,1.076621,1.2866211,0.24662109,1.5066211,2.146621,1.8766211,1.6366211,1.466621,1.6466211,1.8166211,1.8566211,2.576621,2.836621,2.556621,2.806621,3.1966212,3.326621,3.6966212,3.306621,3.1766212,3.9166212,3.896621,4.406621,5.006621,4.846621,4.216621,4.8566213,4.306621,5.396621,3.9866211,3.146621,2.7366211,2.776621,3.4666212,3.286621,4.0466213,4.5866213,4.306621,3.7566211,4.006621,4.256621,5.166621,5.286621,4.786621,4.396621,5.646621,-0.033378907,-0.7733789,0.3566211,-0.4233789,-0.3633789,0.026621094,0.6966211,0.8266211,0.6566211,0.3366211,0.2766211
1.336621,2.406621,2.356621,1.1666211,1.4366211,0.7966211,1.2266212,1.826621,2.286621,1.4166211,0.9266211,1.7966211,2.066621,2.556621,2.7166212,3.356621,3.146621,3.096621,4.076621,3.4866211,3.6866212,4.0866213,4.906621,5.346621,4.636621,4.246621,3.7566211,2.9366212,3.066621,4.746621,4.506621,4.646621,4.496621,4.116621,3.7366211,4.036621,3.7566211,4.226621,4.076621,4.616621,4.6266212,4.3366213,4.656621,5.486621,5.196621,4.616621,5.196621,4.916621,-0.3733789,-0.5433789,-0.5833789,1.326621,-0.4733789,1.326621,-0.10337891,1.1566211,1.0166211,0.45662108,-0.2733789
