src/components/data.json
{"header": {"discipline":0,"disciplineName":"Meteorological products","gribEdition":2,"gribLength":106064,"center":7,"centerName":"US National Weather Service - NCEP(WMC)","subcenter":0,"refTime":"2020-04-26T06:00:00.000Z","significanceOfRT":1,"significanceOfRTName":"Start of forecast","productStatus":0,"productStatusName":"Operational products","productType":1,"productTypeName":"Forecast products","productDefinitionTemplate":0,"productDefinitionTemplateName":"Analysis/forecast at horizontal level/layer at a point in time","parameterCategory":2,"parameterCategoryName":"Momentum","parameterNumber":2,"parameterNumberName":"U-component_of_wind","parameterUnit":"m.s-1","genProcessType":2,"genProcessTypeName":"Forecast","forecastTime":0,"surface1Type":103,"surface1TypeName":"Specified height level above ground","surface1Value":10.0,"surface2Type":255,"surface2TypeName":"Missing","surface2Value":0.0,"gridDefinitionTemplate":0,"gridDefinitionTemplateName":"Latitude_Longitude","numberPoints":65160,"shape":6,"shapeName":"Earth spherical with radius of 6,371,229.0 m","gridUnits":"degrees","resolution":48,"winds":"true","scanMode":64,"nx":360,"ny":181,"basicAngle":0,"lo1":0.0,"la1":-90.0,"lo2":359.0,"la2":90.0,"dx":1.0,"dy":1.0}, "data":
[rows 104 to 129 of 181, columns 171 to 227 of 360]
-9.52399,-9.793989,-10.10399,-9.943989,-10.263989,-10.383989,-9.883989,-10.163989,-9.93399,-9.903989,-9.77399,-9.873989,-9.953989,-9.803989,-10.703989,-10.093989,-10.10399,-9.52399,-9.913989,-9.60399,-9.89399,-9.783989,-9.403989,-9.153989,-8.743989,-8.763989,-9.153989,-8.35399,-8.9739895,-8.613989,-8.60399,-8.593989,-8.383989,-8.18399,-7.523989,-8.073989,-6.9839892,-7.2439895,-6.833989,-7.933989,-7.1739893,-6.773989,-7.683989,-7.0539894,-7.813989,-7.9439893,-6.9639893,-5.9639893,-6.9739895,-6.3039894,-5.5739894,-5.6339893,-4.8639894,-5.623989,-5.333989,-5.1739893,-5.373989
-9.85399,-10.10399,-9.463989,-9.68399,-9.953989,-10.133989,-9.783989,-9.633989,-9.663989,-10.02399,-10.163989,-9.89399,-10.153989,-10.373989,-9.9739895,-10.35399,-10.213989,-9.27399,-9.153989,-8.81399,-9.14399,-8.803989,-8.993989,-9.033989,-9.033989,-8.843989,-9.02399,-8.403989,-8.993989,-8.653989,-8.60399,-8.513989,-8.803989,-8.43399,-7.5739894,-7.453989,-7.6139894,-7.083989,-7.2239895,-6.5139894,-7.5539894,-8.283989,-7.623989,-7.413989,-7.833989,-8.203989,-6.663989,-5.503989,-6.2139893,-6.163989,-6.3039894,-5.663989,-5.0539894,-5.313989,-5.2639894,-5.4639893,-4.9739895
-9.85399,-10.263989,-10.02399,-9.343989,-9.263989,-9.43399,-10.193989,-10.203989,-10.113989,-10.23399,-10.113989,-9.693989,-9.913989,-9.553989,-9.633989,-10.403989,-9.963989,-9.413989,-9.10399,-8.413989,-7.9439893,-8.583989,-8.283989,-8.613989,-8.803989,-9.513989,-9.283989,-8.463989,-8.453989,-8.753989,-8.783989,-8.85399,-8.013989,-8.053989,-6.893989,-8.243989,-7.4239893,-7.6339893,-7.5939894,-7.7439895,-8.533989,-8.263989,-7.3239894,-7.893989,-8.14399,-6.933989,-5.873989,-6.9839892,-6.503989,-6.003989,-6.773989,-6.123989,-5.583989,-5.6339893,-5.1939893,-5.4939895,-5.2839894
-9.373989,-9.583989,-9.053989,-9.883989,-8.913989,-9.413989,-9.403989,-10.323989,-10.35399,-10.543989,-10.73399,-9.663989,-9.56399,-9.533989,-10.163989,-9.963989,-9.93399,-9.263989,-9.093989,-9.2239895,-9.64399,-9.053989,-9.383989,-8.993989,-8.043989,-7.913989,-8.73399,-7.953989,-8.493989,-8.293989,-7.8639894,-8.64399,-8.613989,-8.123989,-7.9839892,-8.14399,-7.7839894,-8.2239895,-7.1739893,-7.773989,-8.443989,-8.913989,-8.48399,-8.013989,-7.913989,-6.523989,-6.5139894,-7.3639894,-6.623989,-6.103989,-6.663989,-6.543989,-6.103989,-5.8639894,-5.5739894,-5.6739893,-5.5139894
-9.503989,-9.68399,-8.89399,-9.263989,-9.263989,-9.283989,-9.593989,-10.153989,-10.10399,-10.14399,-10.533989,-10.35399,-10.293989,-10.243989,-10.083989,-10.123989,-9.993989,-9.383989,-9.443989,-9.123989,-9.153989,-9.263989,-8.763989,-8.9739895,-8.043989,-8.553989,-7.9239893,-7.7139893,-6.453989,-7.3439894,-5.503989,-6.043989,-8.423989,-9.81399,-7.813989,-8.283989,-7.5339894,-7.3839893,-7.3239894,-8.033989,-7.6739893,-8.413989,-8.663989,-8.113989,-7.1939893,-7.3239894,-7.3039894,-7.523989,-7.0939894,-6.703989,-6.043989,-6.2839894,-6.2439895,-5.9839892,-5.563989,-5.453989,-5.313989
-9.4739895,-9.583989,-9.633989,-9.003989,-9.06399,-9.52399,-9.883989,-9.98399,-9.703989,-10.243989,-9.963989,-10.73399,-10.7239895,-10.363989,-10.213989,-10.053989,-10.02399,-9.703989,-9.48399,-8.833989,-8.673989,-8.513989,-8.173989,-8.093989,-8.213989,-8.10399,-7.7439895,-7.0739894,-6.643989,-4.6739893,-4.1739893,-4.813989,3.0160108,1.4160107,-7.873989,-6.503989,-7.6939893,-7.853989,-7.683989,-8.31399,-7.543989,-7.8239894,-8.4739895,-8.053989,-6.9939895,-7.523989,-7.6939893,-7.4239893,-7.4839892,-6.413989,-6.6539893,-6.4939895,-6.4739895,-5.8239894,-5.4039893,-4.9939895,-5.143989
-8.753989,-8.7239895,-9.593989,-9.303989,-8.93399,-9.203989,-8.963989,-9.423989,-9.243989,-9.77399,-9.633989,-9.753989,-9.413989,-9.81399,-9.423989,-9.303989,-9.423989,-9.043989,-8.703989,-8.403989,-9.133989,-8.653989,-8.243989,-7.9739895,-7.433989,-6.4239893,-7.413989,-6.953989,-5.753989,-5.3239894,-6.2839894,-5.1539893,-10.23399,-3.5839891,-4.563989,-5.793989,-6.8439894,-7.143989,-7.2439895,-7.873989,-7.8039894,-7.813989,-8.363989,-7.8239894,-7.043989,-7.253989,-7.103989,-7.6539893,-7.203989,-6.683989,-6.0539894,-6.183989,-6.2139893,-6.1939893,-5.8439894,-5.3839893,-5.4439893
-8.77399,-9.173989,-9.293989,-9.193989,-9.243989,-8.883989,-8.743989,-8.453989,-8.81399,-8.56399,-8.373989,-8.743989,-8.56399,-8.823989,-8.653989,-8.703989,-8.383989,-7.913989,-7.7839894,-7.813989,-7.3839893,-7.5339894,-7.933989,-7.9839892,-8.033989,-8.093989,-7.433989,-5.023989,-5.773989,-7.7439895,-6.0739894,-7.893989,-5.7839894,-7.4239893,-6.123989,-5.9239893,-6.793989,-7.123989,-7.313989,-7.813989,-7.753989,-7.0939894,-7.643989,-7.3439894,-7.373989,-7.3039894,-7.293989,-7.4739895,-6.683989,-6.7439895,-6.4039893,-6.2439895,-6.2239895,-6.3439894,-6.043989,-5.833989,-6.3639894
-8.453989,-8.303989,-8.533989,-8.323989,-8.053989,-7.2439895,-7.9439893,-8.073989,-7.6339893,-7.453989,-8.013989,-8.203989,-8.113989,-8.35399,-8.413989,-7.9939895,-7.9839892,-7.333989,-7.4439893,-7.253989,-7.103989,-6.9939895,-6.793989,-7.003989,-7.0339894,-7.603989,-7.6539893,-7.433989,-6.2139893,-3.8839893,-6.083989,-7.003989,-7.413989,-7.253989,-6.9239893,-6.4939895,-6.773989,-7.253989,-6.7239895,-7.3639894,-6.773989,-7.8039894,-7.773989,-7.163989,-7.253989,-7.433989,-6.8839893,-7.2139893,-6.4439893,-5.9939895,-5.8239894,-6.2839894,-6.353989,-5.6139894,-6.1739893,-6.4639893,-6.4839892
-7.6139894,-7.4739895,-7.7239895,-6.9939895,-7.273989,-7.063989,-6.8839893,-6.7839894,-7.2239895,-6.7339892,-7.1539893,-7.2139893,-7.2839894,-7.4739895,-7.1939893,-7.583989,-7.4639893,-7.2839894,-7.3039894,-7.2139893,-7.4839892,-7.4839892,-7.353989,-6.9939895,-6.6939893,-6.1739893,-6.5939894,-6.4239893,-7.143989,-7.1339893,-5.9839892,-6.163989,-6.3239894,-6.773989,-6.393989,-6.293989,-6.6739893,-6.7839894,-6.433989,-6.3439894,-6.453989,-7.5539894,-7.5139894,-6.9239893,-7.4439893,-7.2839894,-7.023989,-6.8639894,-6.0339894,-6.203989,-5.563989,-6.2239895,-6.623989,-6.313989,-5.523989,-6.2839894,-6.4839892
-6.3239894,-6.373989,-6.163989,-6.3839893,-6.0339894,-6.2839894,-6.313989,-6.313989,-6.3239894,-6.313989,-6.703989,-7.0539894,-7.003989,-6.793989,-7.2239895,-7.313989,-7.0739894,-7.0339894,-6.933989,-7.4239893,-7.7139893,-7.7839894,-7.373989,-7.1939893,-7.123989,-6.7139893,-5.9739895,-6.063989,-6.393989,-5.9739895,-6.683989,-5.433989,-5.4739895,-5.4239893,-5.7439895,-5.6539893,-6.1139894,-6.253989,-6.4639893,-6.6539893,-6.0739894,-6.2239895,-6.8439894,-6.913989,-6.7239895,-7.583989,-7.043989,-6.7639894,-5.683989,-6.143989,-6.163989,-5.2339892,-4.703989,-6.5539894,-6.3639894,-6.333989,-7.0539894
-5.7139893,-5.953989,-5.663989,-5.453989,-5.273989,-5.373989,-5.623989,-6.273989,-6.083989,-6.003989,-6.4039893,-6.2639894,-6.203989,-6.453989,-6.773989,-6.9239893,-6.4239893,-6.3439894,-6.5139894,-7.003989,-7.1139894,-7.163989,-6.853989,-6.643989,-6.353989,-6.2339892,-6.0539894,-6.083989,-6.703989,-5.8639894,-5.143989,-6.083989,-4.183989,-4.8239894,-5.0739894,-4.6339893,-5.5339894,-5.683989,-5.413989,-5.9639893,-5.6339893,-5.8439894,-6.3439894,-6.5739894,-6.9439893,-7.063989,-6.5339894,-6.393989,-5.373989,-5.3639894,-6.083989,-5.523989,-4.9639893,-5.183989,-6.623989,-7.1539893,-6.5339894
-4.9639893,-4.953989,-5.4739895,-5.123989,-4.833989,-5.023989,-5.453989,-5.453989,-5.353989,-5.3839893,-5.5339894,-5.6539893,-5.683989,-5.7839894,-6.0339894,-5.913989,-5.933989,-5.7839894,-5.853989,-5.9639893,-6.0739894,-6.313989,-5.9839892,-5.663989,-5.333989,-5.043989,-5.143989,-5.6939893,-5.3839893,-5.5939894,-5.7339892,-5.1939893,-5.8439894,-6.313989,-3.6939893,-3.8939893,-4.2639894,-4.4639893,-4.2239895,-4.373989,-5.063989,-5.2639894,-5.293989,-5.643989,-6.413989,-7.063989,-6.183989,-6.333989,-6.003989,-4.8839893,-5.7639894,-5.373989,-5.5939894,-5.7439895,-7.063989,-5.853989,-7.5339894
-3.4439893,-3.3939893,-3.6639893,-3.7539892,-3.6539893,-4.163989,-4.043989,-4.2439895,-4.103989,-4.523989,-4.683989,-4.643989,-4.9839892,-4.313989,-4.8239894,-4.793989,-4.7239895,-4.893989,-4.7239895,-5.063989,-5.273989,-5.313989,-4.753989,-4.3239894,-4.2239895,-4.313989,-4.6539893,-4.163989,-4.9039893,-5.3239894,-4.7639894,-4.3639894,-4.453989,-3.9839892,-4.3039894,-4.2139893,-2.8739893,-1.9039893,-3.2139893,-3.4739892,-3.8539894,-4.793989,-4.4739895,-4.6739893,-5.603989,-6.1139894,-5.583989,-5.1739893,-5.4839892,-5.1739893,-5.663989,-5.5739894,-6.4439893,-5.3839893,-6.103989,-6.853989,-5.9239893
-1.6839893,-1.6339892,-1.2039893,-1.3739892,-2.0539892,-2.3339891,-2.6839893,-2.4139893,-2.6739893,-2.8739893,-3.0039892,-3.2439892,-3.0839891,-3.3339891,-3.3839893,-3.2039893,-3.2639892,-3.5839891,-3.5139892,-3.5739892,-3.7839892,-3.6439893,-3.4239893,-3.1839893,-2.8839893,-2.6939893,-3.0939894,-3.7439892,-3.3039892,-3.4339893,-3.8839893,-4.083989,-3.8439894,-3.8239892,-3.6439893,-3.3139892,-3.0439892,-3.1639893,-1.2739892,-1.8239893,-2.7239892,-3.4139893,-4.0739894,-3.9839892,-4.1339893,-4.373989,-4.753989,-4.3239894,-4.253989,-4.7339892,-5.6739893,-5.373989,-6.8639894,-6.2339892,-6.0939894,-5.1739893,-6.833989
0.6760107,0.77601075,0.7460107,0.66601074,0.95601076,0.58601075,0.036010742,-0.19398926,-0.65398926,-1.1539893,-1.2139893,-1.5239892,-1.2639892,-1.1639893,-1.0539893,-1.5139892,-1.8139893,-1.6039892,-1.6139892,-1.6139892,-1.0439893,-0.9939892,-1.1039892,-1.4239893,-0.52398926,-0.11398926,-0.44398925,-0.83398926,-0.86398923,-1.5039892,-1.3639892,-1.1539893,-0.78398925,-2.8039892,-2.7139893,-2.2839892,-2.5339892,-2.2539892,-2.1739893,-0.7439892,-0.51398927,-0.79398924,-1.7839893,-3.2839892,-3.8339891,-3.6739893,-3.4139893,-3.5139892,-4.0739894,-4.143989,-4.453989,-5.203989,-5.583989,-6.5939894,-5.7839894,-5.913989,-5.413989
2.7460108,2.4460108,2.5360107,2.6960108,2.8460107,3.2760108,3.4060106,2.6960108,2.1460106,1.6560107,1.1160108,0.98601073,0.9260107,1.2460108,1.1660107,1.0360107,0.8160107,0.39601076,0.36601076,0.6160107,0.8760107,1.1660107,1.6960107,1.2960107,1.2060107,1.4560107,1.3860108,1.8860108,1.9260107,2.3760107,2.1260107,2.2860107,2.3460107,1.3460107,0.63601077,-0.17398925,-0.89398926,-1.1439892,-0.45398927,-0.25398925,0.28601074,1.1960107,-1.3039893,-0.20398925,-2.9439893,-2.1439893,-2.5139892,-3.7839892,-3.3739893,-3.3039892,-3.4339893,-4.0739894,-4.7139893,-4.4639893,-5.023989,-5.1939893,-5.2339892
4.046011,3.7160108,3.9360108,4.0260105,4.5060105,4.496011,5.0060105,4.6760106,4.206011,3.9460108,3.2460108,3.0960107,2.9260108,3.0860107,2.9660108,3.0060108,3.0560107,3.1160107,2.8860106,2.6260107,3.0160108,3.5560107,3.6760108,3.3460107,2.8360107,2.6360106,3.1160107,3.4560108,3.4460108,4.396011,5.106011,5.2760105,4.9060106,4.5060105,4.7560105,4.4260106,3.3160107,2.1360106,1.3960108,1.5360107,1.6360108,2.3760107,0.14601074,0.77601075,0.84601074,-1.5239892,-1.2139893,-1.7939893,-1.9439893,-2.6539893,-3.1939893,-3.4639893,-3.3839893,-3.6639893,-4.083989,-4.4039893,-4.873989
5.0960107,5.4860106,5.2560105,5.7760105,5.9260106,5.796011,6.126011,6.296011,5.916011,5.6960106,5.4060106,4.936011,4.606011,4.436011,4.4260106,4.4660106,4.606011,4.726011,4.626011,4.6160107,4.706011,4.9660106,5.496011,5.316011,5.0560107,5.456011,5.996011,5.9260106,6.316011,6.316011,6.0160108,6.646011,7.166011,6.996011,6.796011,6.4060106,6.226011,5.066011,4.0160108,3.5960107,3.3160107,2.7060108,1.8060107,1.4260107,1.2460108,1.0060108,0.42601073,-0.16398926,-0.72398925,-1.1439892,-1.6039892,-2.1239893,-2.0839891,-2.1339893,-2.2139893,-3.0939894,-3.8039892
2.3060107,2.6460106,5.8860106,7.4060106,7.746011,7.4060106,7.1960106,7.2860107,7.106011,7.3460107,7.2160106,6.646011,6.5060105,6.0260105,5.626011,5.206011,5.7560105,5.9060106,5.9060106,6.316011,6.3460107,6.5760107,6.7160106,6.7860107,6.856011,7.1760106,7.4260106,7.436011,7.666011,7.896011,8.346011,7.066011,8.176011,8.97601,8.196011,8.306011,7.3860106,7.166011,6.746011,5.7160106,5.3260107,4.4460106,3.1360106,2.6060107,2.4560108,2.2160108,1.7160107,2.0760107,1.6760107,0.96601075,-0.003989258,0.41601074,-0.31398925,-0.53398925,-1.3739892,-1.8739892,-2.3439894
5.436011,5.626011,6.0160108,7.356011,10.14601,9.376011,9.60601,9.056011,8.216011,7.856011,8.306011,8.306011,7.496011,6.8260107,6.476011,6.706011,6.566011,6.956011,7.436011,7.3860106,7.4460106,7.7560105,7.476011,7.226011,7.146011,7.8860106,7.936011,8.096011,7.916011,9.18601,8.97601,9.586011,9.39601,8.866011,9.296011,7.9660106,8.496011,8.506011,8.596011,7.9060106,6.836011,5.876011,4.5260105,4.3260107,3.2960107,3.1560106,2.9360108,2.6660109,2.8860106,2.3860106,1.8960108,1.3060107,0.71601075,1.2260108,1.0360107,0.20601074,-0.06398926
7.836011,7.316011,7.106011,8.216011,7.686011,10.0260105,10.286011,10.01601,10.22601,10.0260105,9.47601,8.946011,8.76601,8.656011,8.406011,7.5760107,7.9060106,7.836011,7.956011,7.7360106,7.336011,7.356011,7.476011,7.5060105,7.626011,8.10601,8.406011,8.166011,8.966011,8.81601,9.456011,9.26601,9.406011,9.236011,9.81601,9.956011,9.206011,9.97601,9.39601,9.446011,8.97601,8.246011,6.7160106,4.4660106,4.4060106,3.5660107,3.8260107,3.5560107,3.8160107,2.9460108,3.1360106,2.5560107,1.9960108,2.0960107,1.9860108,1.8160107,1.3960108
8.096011,8.406011,8.5260105,8.916011,9.326011,9.35601,10.046011,11.656011,11.56601,11.39601,11.086011,11.01601,10.536011,9.35601,8.536011,8.2760105,7.226011,7.9860106,7.686011,6.336011,6.2560105,6.7660108,5.8060107,5.1760106,5.5360107,5.3060107,5.476011,5.7760105,6.8860106,7.6160107,8.496011,9.7760105,9.576011,9.656011,9.886011,11.046011,11.166011,10.996011,10.35601,9.996011,10.256011,9.60601,8.51601,7.566011,6.046011,4.9660106,4.706011,4.626011,4.2860107,3.9060106,3.0460107,3.0660107,3.1860108,2.0860107,1.7560108,0.91601074,0.78601074
4.146011,7.2360106,8.556011,9.586011,10.586011,11.296011,11.296011,11.51601,13.206011,13.176011,11.886011,10.64601,12.35601,10.806011,8.716011,7.186011,7.296011,9.046011,5.6960106,-1.0239892,-2.1539893,-1.0939893,-0.71398926,0.89601076,1.0560107,1.4560107,2.0560107,4.066011,5.5060105,5.7160106,6.416011,6.436011,7.3460107,8.60601,10.156011,11.076011,11.126011,10.826011,11.176011,11.096011,10.596011,10.76601,9.386011,8.886011,8.176011,6.816011,6.206011,5.4260106,4.376011,3.9760108,2.5960107,2.6060107,2.5660107,2.9260108,1.5660107,1.5460107,0.7560108
1.9760108,3.7860107,7.3860106,11.176011,12.666011,12.536011,13.64601,13.216011,12.7760105,12.97601,13.156011,11.0260105,8.736011,7.0560107,6.1760106,6.3060107,0.16601074,-5.373989,-4.753989,-3.0939894,-1.1639893,-0.78398925,-0.07398926,0.40601075,1.0860107,2.2060108,3.3960106,4.4460106,5.5160108,6.5560107,6.916011,7.646011,8.406011,8.716011,9.716011,10.346011,10.296011,10.656011,11.206011,11.93601,11.916011,11.136011,10.64601,9.196011,8.64601,8.06601,6.2860107,4.8660107,3.0060108,2.5860107,2.5960107,2.3060107,2.3360107,2.9060106,1.9460107,0.26601073,0.14601074
1.8760108,3.6960108,5.796011,9.2760105,13.806011,13.916011,13.956011,15.496011,13.406011,12.036011,9.996011,7.726011,6.0260105,2.1960108,-6.0539894,-6.7239895,-6.9239893,-3.5839891,-2.9039893,-0.8839893,-1.3739892,-0.30398926,-0.64398926,1.1960107,2.5160108,4.5960107,4.6160107,5.3460107,6.336011,6.7360106,8.046011,8.416011,9.22601,9.386011,9.906011,10.14601,10.47601,10.426011,10.39601,11.246011,11.466011,11.416011,11.18601,10.796011,10.096011,8.786011,7.436011,5.816011,5.586011,4.226011,2.8660107,2.1960108,1.2360108,1.6660107,0.73601073,0.42601073,-0.6839893
