src/components/data.json
{"header": {"discipline":0,"disciplineName":"Meteorological products","gribEdition":2,"gribLength":106064,"center":7,"centerName":"US National Weather Service - NCEP(WMC)","subcenter":0,"refTime":"2020-04-26T06:00:00.000Z","significanceOfRT":1,"significanceOfRTName":"Start of forecast","productStatus":0,"productStatusName":"Operational products","productType":1,"productTypeName":"Forecast products","productDefinitionTemplate":0,"productDefinitionTemplateName":"Analysis/forecast at horizontal level/layer at a point in time","parameterCategory":2,"parameterCategoryName":"Momentum","parameterNumber":3,"parameterNumberName":"V-component_of_wind","parameterUnit":"m.s-1","genProcessType":2,"genProcessTypeName":"Forecast","forecastTime":0,"surface1Type":103,"surface1TypeName":"Specified height level above ground","surface1Value":10.0,"surface2Type":255,"surface2TypeName":"Missing","surface2Value":0.0,"gridDefinitionTemplate":0,"gridDefinitionTemplateName":"Latitude_Longitude","numberPoints":65160,"shape":6,"shapeName":"Earth spherical with radius of 6,371,229.0 m","gridUnits":"degrees","resolution":48,"winds":"true","scanMode":64,"nx":360,"ny":181,"basicAngle":0,"lo1":0.0,"la1":-90.0,"lo2":359.0,"la2":90.0,"dx":1.0,"dy":1.0}, "data":
[rows 104 to 129 of 181, columns 177 to 235 of 360]
-3.463379,-4.2033787,-4.153379,-3.593379,-3.603379,-4.263379,-4.853379,-4.8933787,-4.8733788,-5.033379,-5.243379,-5.4533787,-5.003379,-3.4933789,-3.973379,-4.173379,-4.423379,-4.653379,-4.3733788,-4.4533787,-4.173379,-4.1233788,-3.663379,-4.003379,-3.433379,-3.643379,-2.863379,-2.8233788,-2.683379,-2.983379,-3.2633789,-1.783379,-2.983379,-2.223379,-2.883379,-3.0733788,-2.893379,-3.373379,-4.043379,-4.993379,-4.993379,-5.2033787,-4.113379,-3.7533789,-3.7433789,-3.663379,-3.623379,-3.5333788,-3.8133788,-3.713379,-3.173379,-3.0033789,-3.0433788,-4.423379,-4.553379,-4.583379,-3.8333788,-3.683379,-3.673379
-2.933379,-3.203379,-3.5633788,-3.933379,-4.113379,-4.423379,-5.103379,-4.573379,-4.563379,-4.553379,-4.753379,-4.813379,-5.033379,-4.753379,-4.353379,-4.573379,-4.1433787,-3.233379,-3.683379,-3.623379,-3.2433789,-3.093379,-3.453379,-3.4933789,-3.5033789,-3.5633788,-2.973379,-3.613379,-2.3233788,-2.113379,-2.7433789,-2.223379,-2.903379,-2.2633789,-1.8733789,-2.3333788,-3.5033789,-4.053379,-4.533379,-4.4133787,-4.343379,-3.843379,-3.863379,-3.103379,-2.5133789,-3.113379,-3.5633788,-3.363379,-3.173379,-2.963379,-3.0233788,-3.213379,-3.123379,-4.233379,-4.533379,-3.403379,-4.053379,-3.5233788,-3.643379
-2.863379,-3.3333788,-3.7833788,-3.353379,-3.213379,-3.8233788,-4.353379,-3.973379,-3.9933789,-3.953379,-4.763379,-4.843379,-4.583379,-3.413379,-4.013379,-3.853379,-4.983379,-1.913379,-3.8033788,-3.423379,-3.853379,-4.223379,-4.2033787,-3.423379,-3.883379,-3.463379,-3.3133788,-3.733379,-3.683379,-2.853379,-2.0533788,-2.983379,-2.7633789,-2.5033789,-3.2633789,-2.5433788,-2.5333788,-3.3133788,-3.8233788,-3.613379,-2.703379,-2.633379,-3.453379,-2.7833788,-2.5433788,-3.183379,-3.093379,-3.5533788,-2.863379,-2.8133788,-2.853379,-2.7733788,-3.213379,-2.7433789,-3.0133789,-3.2533789,-3.593379,-3.5533788,-4.083379
-2.5133789,-3.433379,-3.5533788,-3.2633789,-3.433379,-3.3233788,-3.093379,-3.973379,-4.213379,-4.233379,-3.903379,-4.443379,-4.813379,-5.073379,-5.053379,-6.103379,-4.6433787,-4.3933787,-3.7933788,-3.183379,-3.673379,-3.943379,-3.643379,-4.043379,-4.323379,-3.343379,-3.353379,-3.913379,-4.973379,-3.8033788,-4.243379,-2.853379,-2.5633788,-2.453379,-2.7733788,-3.413379,-3.093379,-3.2433789,-2.8033788,-2.873379,-2.7733788,-2.723379,-3.3033788,-2.7933788,-3.093379,-2.5133789,-2.8333788,-2.633379,-2.7833788,-2.703379,-2.393379,-2.5033789,-3.093379,-2.953379,-2.603379,-3.363379,-2.983379,-3.413379,-3.2833788
-2.363379,-2.953379,-2.7833788,-2.2933788,-3.3033788,-3.863379,-3.8033788,-3.5733788,-3.7533789,-4.3733788,-4.8733788,-5.113379,-5.603379,-5.103379,-5.273379,-4.733379,-5.003379,-4.803379,-5.053379,-4.823379,-3.3133788,-3.7933788,-3.153379,-4.043379,-3.873379,-2.883379,-2.483379,-4.793379,-5.713379,-5.233379,-4.243379,-3.863379,-3.8133788,-2.7733788,-2.5233788,-2.613379,-2.643379,-2.873379,-2.093379,-1.8833789,-2.0333788,-2.623379,-2.983379,-4.293379,-3.4933789,-3.863379,-3.943379,-3.893379,-3.0133789,-2.723379,-2.453379,-2.433379,-2.5733788,-2.863379,-2.7733788,-2.7933788,-3.0533788,-2.913379,-2.7633789
-2.5433788,-2.903379,-2.863379,-3.3133788,-3.603379,-3.713379,-3.7533789,-3.723379,-3.873379,-3.913379,-4.4333787,-5.073379,-5.133379,-5.193379,-5.583379,-4.9533787,-5.1233788,-3.983379,-4.293379,-4.4333787,-4.883379,-4.653379,-4.743379,-4.8933787,-4.613379,-4.6633787,-1.0533789,-0.8933789,-6.813379,-5.613379,-5.113379,-3.213379,-3.693379,-3.093379,-2.093379,-2.213379,-1.8833789,-1.673379,-2.0033789,-1.7033789,-2.853379,-3.0333788,-3.183379,-3.963379,-3.5633788,-3.7733788,-3.933379,-3.5833788,-3.613379,-2.983379,-2.713379,-2.893379,-3.0233788,-2.5733788,-2.5533788,-3.0433788,-2.7633789,-3.0533788,-2.133379
-2.3133788,-3.133379,-3.343379,-3.5733788,-3.663379,-3.7833788,-4.293379,-3.7833788,-3.953379,-4.603379,-4.853379,-5.263379,-5.403379,-5.4333787,-5.463379,-5.513379,-5.823379,-5.7033787,-4.833379,-3.943379,-3.223379,-3.7433789,-4.483379,-5.173379,-5.4333787,-1.6833789,-4.993379,-4.1833787,-1.403379,-3.863379,-3.923379,-4.083379,-2.5633788,-2.953379,-2.0833788,-1.8233789,-1.293379,-1.1233789,-1.7733788,-2.0533788,-3.2433789,-3.353379,-3.2933788,-3.7933788,-4.353379,-4.153379,-3.733379,-3.8233788,-3.8333788,-3.723379,-3.633379,-3.8033788,-3.163379,-2.923379,-3.0233788,-2.963379,-2.963379,-3.163379,-1.783379
-3.0633788,-3.0833788,-3.0133789,-2.7933788,-3.133379,-3.403379,-3.5733788,-3.173379,-3.483379,-3.983379,-4.4533787,-4.173379,-4.223379,-4.003379,-5.073379,-5.383379,-5.523379,-5.263379,-5.653379,-5.693379,-5.3933787,-3.943379,-2.973379,-4.993379,-5.6633787,-5.3733788,-2.873379,-0.87337893,-2.8333788,-2.8033788,-3.0233788,-2.663379,-3.213379,-2.423379,-2.9933789,-1.8433789,-1.8133789,-0.9533789,-1.0233788,-1.7433789,-2.5833788,-3.5033789,-3.343379,-3.2833788,-3.913379,-3.7833788,-3.893379,-3.713379,-3.843379,-3.603379,-3.483379,-3.443379,-3.5733788,-4.043379,-4.083379,-3.213379,-2.923379,-2.8033788,-2.663379
-2.7533789,-2.5533788,-3.213379,-3.0533788,-3.153379,-3.123379,-3.173379,-3.2933788,-3.5833788,-3.463379,-4.1233788,-4.523379,-4.513379,-4.523379,-4.283379,-4.353379,-5.323379,-5.903379,-6.493379,-6.023379,-6.343379,-6.753379,-6.153379,-3.113379,-3.953379,-2.653379,-2.113379,-2.123379,-3.3233788,-2.483379,-2.643379,-3.5033789,-3.093379,-2.923379,-2.3333788,-1.1933789,-1.5633789,-1.0133789,-1.3633789,-1.0833789,-2.233379,-3.353379,-3.2733788,-3.5233788,-3.5033789,-3.593379,-3.953379,-4.4533787,-4.1433787,-4.353379,-4.4333787,-4.323379,-4.803379,-4.253379,-4.1633787,-4.273379,-3.353379,-3.0033789,-3.3233788
-1.5833789,-2.163379,-2.2633789,-2.873379,-2.463379,-2.373379,-2.623379,-3.103379,-3.0633788,-3.363379,-3.5433788,-3.963379,-4.533379,-4.9333787,-5.283379,-5.653379,-5.633379,-5.823379,-6.073379,-6.943379,-7.133379,-7.303379,-7.593379,-6.273379,-2.5033789,-2.353379,-2.203379,-2.203379,-2.5333788,-2.9933789,-2.8133788,-2.2833788,-2.5433788,-2.5833788,-2.413379,-0.8333789,-1.033379,-1.5933789,-1.0733789,-1.3333789,-1.8733789,-2.603379,-3.233379,-3.0133789,-4.1233788,-2.8333788,-2.863379,-4.003379,-4.763379,-4.1433787,-4.963379,-5.343379,-5.523379,-5.343379,-4.843379,-4.1233788,-3.9933789,-4.103379,-3.933379
-1.8633789,-2.173379,-2.223379,-2.423379,-2.0733788,-2.453379,-2.193379,-2.5033789,-2.7933788,-2.963379,-2.923379,-3.3133788,-3.5533788,-4.133379,-4.653379,-5.513379,-5.8733788,-5.753379,-6.033379,-6.513379,-6.8933787,-7.053379,-7.3933787,-8.313379,-7.223379,-1.4633789,-1.413379,-2.093379,-2.463379,-2.663379,-2.853379,-2.843379,-3.463379,-3.103379,-3.443379,-1.6133789,-0.5333789,-0.5433789,-1.0633789,-1.4733789,-2.123379,-2.703379,-2.7933788,-2.663379,-3.0633788,-3.683379,-3.373379,-2.5333788,-4.233379,-5.1633787,-4.973379,-5.2033787,-5.743379,-6.193379,-6.253379,-5.863379,-5.4333787,-4.883379,-4.533379
-1.4933789,-1.3833789,-1.8533789,-1.903379,-2.193379,-2.153379,-2.3333788,-2.133379,-2.2933788,-2.413379,-2.393379,-2.893379,-3.3333788,-3.843379,-4.213379,-5.003379,-5.1633787,-5.4533787,-5.6433787,-5.943379,-5.883379,-6.213379,-6.1633787,-6.573379,-7.173379,-7.423379,-3.223379,-0.7333789,-1.5833789,-2.2733788,-2.353379,-2.0533788,-2.2533789,-2.143379,-2.3233788,-2.2533789,-1.4333789,-1.163379,-0.3133789,-0.9433789,-1.7033789,-2.373379,-3.433379,-2.593379,-2.3133788,-2.973379,-3.343379,-3.153379,-3.5033789,-3.953379,-5.353379,-5.763379,-5.6433787,-5.6433787,-6.4133787,-6.3933787,-6.093379,-5.763379,-5.4533787
-1.6433789,-1.8033789,-1.6233789,-1.6233789,-1.8533789,-1.673379,-1.8633789,-2.3233788,-2.2533789,-1.9833789,-2.153379,-2.2733788,-2.673379,-3.393379,-3.7833788,-4.493379,-4.833379,-4.993379,-5.603379,-5.7033787,-6.1233788,-5.653379,-5.583379,-5.7033787,-6.403379,-6.983379,-7.013379,-5.253379,-2.5833788,-0.7233789,-1.6933789,-2.2433789,-2.203379,-2.0533788,-1.9933789,-1.913379,-0.7033789,-0.4333789,-0.7033789,-0.8333789,-1.3033789,-1.6833789,-2.5033789,-2.963379,-2.163379,-2.633379,-3.103379,-3.0533788,-3.2433789,-4.553379,-4.033379,-5.053379,-5.523379,-6.353379,-6.383379,-6.7033787,-7.073379,-6.473379,-6.1233788
-1.4733789,-0.93337893,-1.043379,-1.2433789,-1.153379,-1.1133789,-1.673379,-1.0733789,-1.1433789,-1.1333789,-1.9633789,-2.443379,-2.7433789,-2.7733788,-3.883379,-3.863379,-4.553379,-4.983379,-5.053379,-5.173379,-4.993379,-5.213379,-4.1633787,-4.223379,-5.343379,-5.153379,-5.733379,-6.003379,-6.1833787,-5.2033787,-3.343379,-1.0633789,-0.62337893,-1.5733789,-1.3633789,-1.663379,-0.7233789,-1.8033789,-0.033378907,-0.3733789,-0.8933789,-1.1433789,-1.0633789,-1.423379,-1.3433789,-1.9833789,-2.693379,-3.713379,-3.113379,-2.863379,-3.923379,-5.353379,-5.473379,-6.583379,-7.1633787,-7.2033787,-6.883379,-7.573379,-6.323379
-0.5533789,-1.173379,-1.3433789,-1.283379,-1.3433789,-1.2233789,-1.4633789,-0.7733789,-1.0033789,-1.6333789,-1.9433789,-1.8633789,-1.8233789,-2.0833788,-2.8233788,-3.153379,-4.083379,-4.793379,-5.243379,-5.303379,-4.823379,-4.063379,-4.463379,-6.013379,-5.633379,-5.753379,-5.233379,-3.903379,-4.213379,-5.2033787,-4.923379,-7.1633787,0.7466211,0.16662109,-0.3633789,-0.8433789,-0.3033789,-0.8333789,-1.3033789,-0.19337891,-0.6533789,-0.26337892,-0.2833789,-0.3733789,0.1866211,-0.48337892,-0.45337892,-1.8833789,-3.0433788,-3.843379,-3.633379,-5.053379,-5.4333787,-6.273379,-7.013379,-7.613379,-8.223379,-8.203379,-7.763379
-0.06337891,-0.3933789,-0.3033789,-0.3833789,-0.8033789,-0.8933789,-1.043379,-1.1433789,-1.5633789,-1.3233789,-1.5833789,-1.903379,-2.123379,-2.0233788,-1.8433789,-2.363379,-3.2533789,-3.603379,-4.943379,-5.113379,-4.333379,-4.483379,-4.293379,-3.5433788,-4.263379,-4.693379,-4.713379,-1.8633789,-3.0233788,-3.873379,-4.3933787,-5.1833787,-5.303379,-2.7433789,1.9966211,0.4666211,0.6666211,0.7966211,0.4466211,-0.19337891,-0.3533789,0.1266211,0.026621094,0.036621094,0.3766211,0.5366211,-0.16337891,0.4666211,-0.7033789,-1.5233788,-3.213379,-3.483379,-4.563379,-5.443379,-6.9133787,-7.813379,-8.243379,-8.683379,-8.473379
-0.32337892,-0.053378906,-0.14337891,0.1766211,0.4166211,0.4166211,0.5366211,-0.1533789,-0.6033789,-0.9733789,-1.033379,-1.403379,-2.0133789,-2.373379,-2.403379,-2.5233788,-2.903379,-2.7933788,-3.5633788,-3.923379,-4.273379,-4.1233788,-4.353379,-3.5333788,-3.163379,-2.423379,-2.983379,-3.2733788,-2.0533788,-1.7633789,-2.663379,-3.153379,-3.683379,-4.103379,-2.8033788,2.6666212,1.4766212,-0.3033789,0.7866211,0.16662109,0.7166211,0.9766211,0.5066211,0.5266211,-0.09337891,0.066621095,0.106621094,-0.2133789,0.106621094,-0.8233789,-1.4433789,-2.673379,-4.023379,-5.443379,-5.943379,-7.3733788,-8.063379,-8.4033785,-9.163379
0.8266211,0.3966211,0.7066211,1.1266211,1.6866211,1.576621,1.4966211,1.0166211,0.9666211,0.3366211,-0.1733789,-0.7233789,-0.6433789,-0.6933789,-1.2033789,-1.9833789,-1.9633789,-1.8533789,-0.7033789,-1.3833789,-1.5033789,-1.3533789,-2.383379,-3.0733788,-3.443379,-2.0033789,-2.7733788,-1.6133789,-1.9733789,-1.7433789,-1.3933789,-1.1233789,-2.153379,-3.2433789,-3.7833788,5.1266212,4.266621,2.9966211,1.7766211,2.5066211,1.216621,1.3866211,1.2466211,2.076621,1.4066211,0.7166211,-0.033378907,-0.113378905,0.2066211,0.046621095,-1.043379,-1.7033789,-3.0633788,-4.463379,-5.733379,-6.493379,-7.6833787,-8.423379,-9.473379
2.2266212,1.8866211,1.7866211,2.116621,2.0066211,2.1866212,2.406621,2.5066211,1.836621,1.6266211,1.086621,0.6166211,0.2066211,-0.1233789,-0.2433789,-0.3933789,-0.7833789,0.13662109,0.5966211,0.9466211,1.4966211,0.9266211,0.2366211,-0.4933789,-0.7333789,-1.2333789,-0.9633789,-0.2733789,-0.4233789,-0.3333789,-0.033378907,0.066621095,-0.9533789,-1.4333789,-1.2333789,-2.143379,7.096621,4.756621,3.816621,3.576621,2.9866211,3.5066211,2.586621,2.4366212,2.606621,2.626621,1.6066211,0.4766211,-0.3133789,-0.023378907,-0.5033789,-1.3433789,-1.9833789,-4.023379,-5.533379,-6.353379,-7.103379,-8.6533785,-9.423379
3.5066211,3.266621,3.136621,2.7066212,2.556621,2.906621,2.9766212,3.056621,2.776621,3.086621,2.086621,1.3566211,0.7666211,0.5366211,0.48662108,0.3366211,0.48662108,0.3966211,0.6566211,0.7566211,1.0366211,0.08662109,-0.113378905,-0.033378907,0.4166211,0.8066211,-0.073378906,0.066621095,1.1166211,0.45662108,0.7866211,0.6566211,0.9266211,0.7466211,0.3966211,-0.5333789,0.4066211,7.156621,5.396621,4.696621,4.386621,4.0866213,4.476621,3.626621,4.226621,3.656621,3.876621,2.9166212,2.046621,0.5066211,0.08662109,-1.0133789,-2.483379,-3.883379,-4.743379,-5.633379,-6.793379,-8.413379,-9.1533785
3.326621,3.7366211,4.506621,4.456621,3.7066212,3.326621,3.9166212,3.6666212,3.7166212,3.4966211,3.546621,3.2266212,2.596621,1.0666211,0.6166211,0.6166211,0.5966211,0.3466211,-0.7733789,-0.9033789,-1.0733789,-0.2033789,-0.0833789,-0.053378906,-0.16337891,0.4166211,1.326621,1.6666211,1.086621,2.546621,2.2266212,2.586621,1.9966211,1.6666211,2.1766212,1.8766211,1.8766211,3.2466211,6.186621,6.406621,5.516621,4.8766212,4.2966213,3.9866211,3.4666212,4.496621,3.7166212,3.9666212,3.9366212,2.856621,1.6766211,-0.8533789,-2.963379,-3.953379,-4.633379,-6.083379,-7.443379,-8.683379,-9.533379
3.5066211,3.856621,3.7266212,4.706621,5.846621,5.686621,5.426621,5.3166213,4.656621,4.176621,3.116621,2.4666212,1.586621,1.576621,1.1566211,0.8466211,0.22662109,0.3066211,0.29662108,0.4366211,-0.32337892,-0.7133789,-0.7733789,-0.6433789,-0.7133789,0.5466211,0.9766211,1.4766212,2.4166212,2.816621,3.2266212,3.9166212,4.256621,3.7066212,3.316621,3.776621,2.7466211,3.366621,3.7166212,8.556622,6.496621,5.3166213,4.766621,4.196621,3.646621,3.7166212,3.126621,3.906621,3.606621,2.4966211,1.3566211,-0.053378906,-1.8933789,-3.703379,-4.943379,-5.593379,-7.083379,-7.343379,-8.593379
-0.4733789,2.346621,4.8566213,6.016621,5.726621,5.096621,5.896621,6.096621,5.3766212,4.676621,3.826621,2.796621,2.1766212,1.5366211,0.8866211,0.7266211,0.19662109,-0.5533789,-1.283379,-2.0833788,-1.8833789,-2.7733788,-3.0033789,-2.603379,-2.0433788,-1.3133789,1.0466211,1.3866211,2.326621,2.6866212,4.256621,5.206621,6.076621,5.526621,5.3566213,5.246621,4.696621,5.406621,6.056621,5.476621,5.5866213,6.1066213,5.8766212,5.446621,4.946621,4.516621,4.016621,4.3766212,3.796621,3.4466212,1.6566211,0.8666211,-0.2333789,-1.3233789,-2.613379,-4.743379,-5.523379,-6.783379,-7.3733788
-0.5233789,0.29662108,2.076621,4.976621,6.8566213,7.576621,6.446621,6.0466213,6.666621,5.976621,4.266621,3.316621,3.536621,2.146621,0.2866211,-1.783379,-2.5433788,-1.903379,-2.633379,-3.643379,-4.3733788,-4.273379,-4.283379,-4.233379,-4.193379,-3.923379,-3.5233788,-2.153379,-0.7533789,0.3066211,2.056621,3.2566211,5.156621,6.146621,7.366621,7.456621,7.716621,6.986621,6.726621,7.986621,7.8366213,7.096621,6.986621,6.416621,6.076621,6.7966213,5.8166213,5.3766212,5.8366213,5.146621,4.486621,3.656621,1.1066211,-0.6333789,-1.6033789,-2.8333788,-4.753379,-6.073379,-6.533379
-1.9833789,-0.0833789,1.4166211,3.056621,5.526621,7.116621,8.236621,7.6066213,6.646621,4.946621,4.406621,3.766621,2.766621,2.296621,2.1966212,1.0066211,-1.4633789,-3.673379,-4.563379,-4.353379,-4.6633787,-4.773379,-4.693379,-4.733379,-4.843379,-4.773379,-3.973379,-3.7833788,-3.5533788,-2.343379,-1.1833789,1.1566211,3.1766212,4.8566213,7.2966213,8.986621,8.8466215,9.186621,8.216621,8.466621,9.3466215,8.636621,7.986621,7.156621,6.956621,7.766621,6.276621,6.456621,6.226621,5.786621,4.406621,4.246621,2.7166212,0.8566211,-0.8533789,-3.0033789,-4.523379,-6.023379,-6.653379
-1.1933789,-0.3933789,1.5566211,3.046621,4.496621,6.406621,5.706621,6.486621,7.926621,5.676621,4.516621,4.346621,3.086621,1.456621,0.6466211,-1.0033789,-2.603379,-3.883379,-5.113379,-5.8933787,-5.423379,-5.483379,-5.753379,-6.043379,-6.4333787,-5.4333787,-4.903379,-4.243379,-3.0833788,-2.863379,-2.8333788,-2.2933788,-1.1833789,1.5466211,4.326621,7.076621,9.356621,11.086621,11.476621,10.976621,11.486621,10.886621,9.366621,9.156621,9.156621,7.916621,7.436621,6.996621,6.696621,5.996621,5.596621,4.916621,2.846621,1.0066211,-0.5033789,-1.3033789,-3.863379,-5.4333787,-6.653379
