src/components/data.json
{"header": {"discipline":0,"disciplineName":"Meteorological products","gribEdition":2,"gribLength":106064,"center":7,"centerName":"US National Weather Service - NCEP(WMC)","subcenter":0,"refTime":"2020-04-26T06:00:00.000Z","significanceOfRT":1,"significanceOfRTName":"Start of forecast","productStatus":0,"productStatusName":"Operational products","productType":1,"productTypeName":"Forecast products","productDefinitionTemplate":0,"productDefinitionTemplateName":"Analysis/forecast at horizontal level/layer at a point in time","parameterCategory":2,"parameterCategoryName":"Momentum","parameterNumber":2,"parameterNumberName":"U-component_of_wind","parameterUnit":"m.s-1","genProcessType":2,"genProcessTypeName":"Forecast","forecastTime":0,"surface1Type":103,"surface1TypeName":"Specified height level above ground","surface1Value":10.0,"surface2Type":255,"surface2TypeName":"Missing","surface2Value":0.0,"gridDefinitionTemplate":0,"gridDefinitionTemplateName":"Latitude_Longitude","numberPoints":65160,"shape":6,"shapeName":"Earth spherical with radius of 6,371,229.0 m","gridUnits":"degrees","resolution":48,"winds":"true","scanMode":64,"nx":360,"ny":181,"basicAngle":0,"lo1":0.0,"la1":-90.0,"lo2":359.0,"la2":90.0,"dx":1.0,"dy":1.0}, "data":
[rows 52 to 77 of 181, columns 114 to 170 of 360]
6.626011,6.726011,8.93601,8.306011,7.6760106,7.726011,8.446011,8.7760105,8.89601,8.466011,8.676011,9.006011,8.196011,7.9460106,7.956011,8.06601,7.5360107,8.406011,8.326011,7.976011,7.476011,7.566011,7.456011,7.4060106,7.3260107,6.976011,5.8460107,3.5460107,4.936011,5.3260107,4.976011,3.9660108,3.0960107,7.146011,11.01601,14.406011,12.746011,13.546011,12.536011,11.986011,13.576011,12.656011,13.116011,9.706011,6.5560107,4.106011,4.0960107,3.3160107,3.2960107,2.9060106,1.4160107,1.5060108,3.4460108,1.8560108,3.1760108,0.83601075,0.14601074
7.9660106,7.476011,6.8860106,6.8860106,7.186011,6.8660107,7.0960107,7.0260105,7.2160106,7.586011,7.0160108,6.6760106,6.9660106,5.916011,6.356011,5.166011,6.166011,5.8460107,5.796011,5.916011,6.126011,5.916011,6.5760107,6.4660106,5.796011,5.226011,3.6860108,4.6360106,3.5860107,3.7860107,3.6860108,3.4860108,3.4460108,1.9160107,4.066011,3.6760108,-0.97398925,3.3660107,8.166011,9.216011,10.826011,14.536011,9.036011,8.5260105,5.746011,4.686011,4.226011,3.3260107,3.1760108,3.0960107,3.7560108,2.7660108,3.4760108,1.4160107,2.0260108,1.2860107,-0.5639893
5.3660107,4.376011,5.166011,5.816011,5.6160107,5.6560106,5.1760106,5.0760107,5.5060105,6.0560107,5.816011,5.2660108,4.9660106,4.586011,4.2560105,4.3660107,4.146011,3.8760107,4.1560106,4.246011,4.5160108,4.706011,4.3860106,3.0260108,4.836011,4.3460107,3.7260108,3.1360106,4.5060105,4.3660107,4.9260106,4.8660107,6.5160108,5.046011,0.52601075,5.2660108,-0.8239893,-3.2439892,7.3660107,9.51601,10.706011,9.996011,8.596011,7.8260107,6.456011,5.2860107,4.2560105,3.5060108,3.7360108,4.3860106,3.1260107,2.5460107,2.3560107,2.5960107,2.8960106,2.9160109,3.9460108
2.1660109,2.2460108,4.066011,2.5960107,1.9260107,0.16601074,3.7360108,2.3060107,3.4860108,4.146011,3.5960107,3.4260108,2.8660107,1.6460108,1.8360107,2.5360107,1.8060107,2.7060108,2.8460107,2.3360107,2.7860107,2.8660107,2.7860107,3.0960107,0.42601073,0.63601077,3.1460106,3.3960106,3.7460108,3.8560107,3.9260108,5.996011,4.7860107,5.0160108,3.4960108,5.146011,5.816011,8.656011,7.4660106,6.896011,9.18601,8.546011,7.666011,6.1160107,5.666011,5.9660106,5.3460107,4.296011,4.726011,3.2160108,2.1560106,1.3860108,0.88601077,1.3660108,0.95601076,1.1660107,1.3260107
-0.14398926,2.8560107,0.79601073,2.3660107,2.0760107,1.4060107,-3.4939892,-0.73398924,1.7360108,1.4260107,1.4860108,1.3460107,0.5060108,0.28601074,0.14601074,1.1260108,-1.0939893,0.26601073,2.0260108,0.9260107,0.51601076,-0.13398926,-1.4839892,2.1760108,-1.2139893,3.7860107,0.49601075,3.4460108,3.1260107,4.1960106,3.5560107,3.5360107,3.3360107,2.5360107,3.5560107,3.8460107,5.7860107,2.4260108,-0.97398925,4.2360106,7.1960106,8.406011,6.816011,4.5160108,5.566011,4.856011,3.7060108,3.8860106,2.2060108,1.7660108,1.3260107,0.19601074,-0.10398926,-0.72398925,-1.0039892,-1.2439892,-1.9239893
-0.83398926,-0.53398925,3.0960107,1.0060108,0.20601074,-0.013989258,-0.55398923,-0.5739893,2.2160108,0.65601075,-2.9939892,0.97601074,-0.17398925,1.0060108,1.6560107,1.1560107,0.47601074,-0.45398927,-1.2239892,-1.5839893,-1.9339893,1.8360107,0.30601075,-0.17398925,3.6260107,1.7860107,1.0960107,1.7760108,1.6160108,0.91601074,1.4160107,1.0860107,1.8660108,3.7160108,2.6560106,4.7860107,3.9360108,1.2660108,4.2360106,0.096010745,4.126011,7.0760107,5.3860106,5.3660107,5.336011,3.8060107,1.8960108,1.3160107,0.14601074,0.24601074,0.05601074,-0.25398925,-1.1439892,-1.4239893,-2.2339892,-2.6639893,-1.8839892
-4.1539893,-0.24398926,1.6360108,-0.36398926,-1.4239893,-0.92398924,-0.48398927,-0.96398926,0.38601074,-1.2539892,0.016010743,-0.27398926,-1.8239893,-2.6339893,-2.0139892,-0.8239893,-1.8039893,-2.0639892,-2.2739892,-1.6339892,0.70601076,0.63601077,-0.5039893,-1.7039893,1.4060107,-0.8239893,-1.5439893,-1.9439893,-0.53398925,1.0360107,2.8160107,4.246011,2.9460108,-0.5039893,1.7860107,2.6660109,2.5660107,2.5060108,0.95601076,-2.7639892,1.2160107,4.896011,4.686011,4.4460106,3.4160109,2.4060106,0.19601074,-0.39398926,-0.20398925,-1.4239893,-2.0139892,-2.0939894,-2.0039892,-1.7639892,-3.1339893,-3.8339891,-3.6039894
-4.1739893,-0.123989254,-2.3539894,-3.0039892,-2.9739892,-3.4639893,-2.2139893,-2.9839892,-2.9439893,-2.5439892,-1.9839892,-1.1039892,-0.6239893,-0.9439893,-1.0139892,-1.2739892,-1.6139892,-1.5039892,-0.78398925,-0.17398925,0.20601074,-0.29398927,-1.1439892,-2.0239892,-0.07398926,-2.8839893,-0.73398924,1.0060108,2.8560107,1.1660107,-1.1839893,0.54601073,-1.3439893,1.8660108,2.6660109,3.6060107,3.9360108,2.1160107,2.3560107,-2.0939894,-0.47398925,3.1360106,3.8960106,3.0860107,2.3560107,0.6160107,-0.73398924,-1.1339892,-1.9039893,-2.6139894,-2.5839891,-4.1739893,-3.9939892,-3.9239893,-4.7339892,-4.7239895,-4.703989
-4.563989,0.91601074,-4.043989,-3.5939894,-3.9639893,-3.8439894,-3.7339892,-3.8539894,-5.683989,-5.523989,-4.523989,-2.6139894,-2.8939893,-3.1539893,-3.1039894,-1.6639893,-1.5439893,-0.6839893,-0.7539893,-0.9339893,-0.8739893,-1.9839892,-2.7439892,-4.0939894,-0.8739893,-1.3439893,-2.0139892,-4.2439895,-1.3439893,-1.7639892,-2.2839892,0.76601076,2.8560107,1.1260108,1.9060107,2.8960106,2.2660108,2.1860108,2.4960108,-1.2639892,-0.90398926,3.1660109,2.7260108,1.7960107,-0.23398925,-1.7239892,-1.5639893,-1.9939892,-2.6139894,-3.3539894,-3.4339893,-4.7339892,-5.393989,-4.5339894,-4.9739895,-5.563989,-5.7639894
-3.9239893,-1.7639892,-2.3739893,-2.4539893,-2.0839891,-3.5339892,-4.773989,-5.7339892,-5.043989,-5.7139893,-5.5339894,-5.313989,-5.1339893,-4.4239893,-4.773989,-3.4739892,-3.1439893,-2.8339891,-2.1139894,-2.1339893,-2.6639893,-4.023989,-3.4939892,-1.1139892,-2.3739893,-4.253989,-2.8839893,0.28601074,1.1360108,-0.64398926,2.4460108,0.58601075,1.5460107,2.0360107,3.4860108,3.6260107,3.4260108,1.7660108,3.6460106,-1.9039893,-0.45398927,1.7660108,1.1260108,-0.43398926,-2.0839891,-3.4539893,-2.9539893,-3.2239892,-3.8439894,-4.413989,-5.163989,-5.603989,-5.563989,-5.9639893,-5.833989,-6.0339894,-5.8439894
-1.0139892,-0.6939893,0.05601074,0.23601075,-0.9439893,-2.6439893,-3.2739892,-4.353989,-4.813989,-5.1139894,-5.2139893,-5.7139893,-5.9439893,-5.8639894,-5.9239893,-5.083989,-4.183989,-3.8539894,-3.4839892,-2.8139892,-3.6139894,-2.2039893,-1.3239893,-1.2839893,0.07601074,-3.6439893,-2.0139892,-2.7339892,-0.20398925,0.19601074,1.8660108,2.8560107,3.5960107,3.4560108,3.3960106,1.8660108,2.3060107,2.5960107,3.1460106,0.25601074,-1.0839893,0.84601074,-1.4239893,-2.0339892,-3.8439894,-5.393989,-3.9539893,-5.333989,-4.953989,-5.3039894,-5.753989,-6.1539893,-6.123989,-6.083989,-6.103989,-6.2439895,-5.773989
-0.78398925,-0.70398927,-1.1939893,-0.83398926,-1.3639892,-2.3639894,-3.4039893,-3.2439892,-3.4439893,-4.5739894,-4.7139893,-5.123989,-5.083989,-5.7639894,-5.4039893,-5.1939893,-4.0939894,-3.9739892,-3.1339893,-1.6539893,-2.2039893,-2.5439892,-3.0239892,-1.9839892,-1.1539893,-1.7639892,-0.66398925,0.84601074,2.0360107,3.4760108,3.0460107,3.7860107,3.8360107,2.9160109,1.7560108,1.1560107,0.6860107,1.5460107,-0.9939892,-2.3139892,-0.66398925,-2.0639892,-4.1139894,-3.7039893,-3.9239893,-3.4039893,-4.703989,-5.9439893,-6.313989,-6.7639894,-7.413989,-7.0539894,-6.9939895,-6.3239894,-6.5739894,-7.3239894,-7.023989
3.4060106,-2.0839891,-2.2739892,-2.7139893,-2.4339893,-3.4839892,-4.413989,-4.9039893,-3.3139892,-3.1639893,-4.3639894,-5.6539893,-4.703989,-4.8439894,-4.9839892,-4.5939894,-3.1639893,-2.8439894,-4.163989,-4.9739895,-4.7839894,-3.7939892,-1.7439892,-1.8339893,-1.5439893,0.36601076,0.90601075,1.6160108,2.6460106,2.3360107,2.1860108,1.3560108,1.0060108,0.52601075,0.66601074,-1.4939892,-1.0339893,-0.13398926,-0.95398927,-2.2439892,-2.7339892,-3.6839893,-4.543989,-4.0339894,-4.5339894,-5.0939894,-5.753989,-6.0139894,-6.7639894,-7.2139893,-7.853989,-7.6339893,-7.4039893,-7.273989,-7.1739893,-7.663989,-7.4939895
0.72601074,-2.5539892,-1.8939892,-3.1139894,-3.6639893,-5.253989,-4.3039894,-4.293989,-1.8139893,-2.7339892,-3.9439893,-4.393989,-2.6639893,-1.9539893,-3.9739892,-2.9239893,-4.6939893,-4.4639893,-5.9639893,-5.0339894,-3.7739892,-2.2839892,-1.9639893,-1.6639893,0.34601074,0.51601076,0.31601074,0.28601074,0.36601076,-1.0539893,-1.4839892,-1.8839892,-1.3039893,-0.55398923,-1.2839893,-2.1739893,-0.36398926,-1.3539892,-2.1539893,-4.7139893,-5.5939894,-5.933989,-4.873989,-4.503989,-4.9439893,-5.5739894,-6.503989,-6.2139893,-5.7439895,-6.7439895,-7.2839894,-7.753989,-8.39399,-7.8639894,-8.27399,-7.2239895,-7.203989
-1.4639893,-1.1539893,-1.4939892,-3.8639894,-5.2339892,-6.043989,-5.2839894,-3.9539893,-3.6139894,-4.1939893,-4.003989,-4.6739893,-3.4739892,-5.773989,-7.143989,-6.253989,-4.2239895,-4.083989,-4.6539893,-4.3239894,-3.5939894,-3.2239892,-2.0739892,-1.0039892,0.07601074,0.46601075,-0.51398927,-1.4439893,-3.1839893,-4.2839894,-3.8439894,-3.0539892,-3.7539892,-4.0339894,-4.1939893,-2.4939892,0.51601076,-3.4139893,-4.913989,-5.853989,-7.253989,-6.3439894,-5.623989,-5.3039894,-6.523989,-7.163989,-6.643989,-6.353989,-5.953989,-6.853989,-7.4839892,-7.1339893,-8.823989,-9.033989,-8.073989,-6.9439893,-6.503989
-1.6139892,-1.0139892,-1.2839893,-2.4539893,-4.8839893,-6.4239893,-6.273989,-6.4639893,-5.0739894,-5.683989,-6.663989,-7.6339893,-7.0339894,-5.2639894,-4.4039893,-3.2239892,-3.3339891,-3.0139892,-4.063989,-4.4239893,-4.793989,-4.253989,-2.8139892,-0.90398926,-1.7339892,-1.7239892,-3.1639893,-4.9439893,-5.203989,-5.9439893,-5.5139894,-5.003989,-4.893989,-4.773989,-5.043989,-4.8639894,-4.8839893,-7.1139894,-7.503989,-6.523989,-5.003989,-5.9939895,-6.3839893,-6.063989,-4.663989,-6.163989,-7.9739895,-7.3839893,-7.273989,-7.183989,-5.9939895,-6.793989,-7.0139894,-6.9439893,-8.093989,-7.0739894,-6.7339892
-0.92398924,-0.42398927,-2.2939892,-6.1139894,-6.933989,-7.413989,-8.323989,-8.02399,-8.503989,-7.603989,-6.563989,-4.913989,-3.9739892,-2.9439893,-1.9339893,-3.3239892,-3.1139894,-4.393989,-5.253989,-5.023989,-4.353989,-3.6039894,-2.7939892,-1.7339892,-2.5339892,-3.5739892,-4.5339894,-5.143989,-6.9939895,-6.663989,-6.1139894,-5.083989,-4.933989,-5.433989,-5.643989,-3.8139892,-5.913989,-8.613989,-7.873989,-6.2839894,-6.6539893,-6.4439893,-6.003989,-6.503989,-6.333989,-5.7139893,-6.543989,-8.753989,-7.4939895,-7.1739893,-6.143989,-5.7239895,-6.063989,-5.7839894,-8.173989,-7.7139893,-6.293989
-2.9339893,-0.76398927,-3.3239892,-8.943989,-7.703989,-7.6739893,-7.773989,-7.4439893,-6.203989,-5.2139893,-4.5739894,-2.6539893,-0.84398925,-1.5139892,-3.3039892,-4.1139894,-3.8839893,-5.4939895,-5.913989,-4.893989,-4.2639894,-4.1339893,-3.4439893,-2.9439893,-3.5039892,-4.773989,-6.793989,-5.8439894,-6.4639893,-5.7639894,-4.643989,-4.4639893,-3.6039894,-3.2839892,-3.4539893,-3.1639893,-6.6139894,-7.7139893,-7.953989,-7.0139894,-6.603989,-7.1139894,-6.7839894,-7.5139894,-7.5739894,-6.753989,-6.373989,-8.793989,-8.713989,-7.3039894,-5.623989,-1.3539892,-6.9639893,-4.4939895,-3.8739893,-7.5739894,-6.7339892
-5.063989,-6.9739895,-6.293989,-5.833989,-4.2339892,-4.523989,-4.2839894,-5.8039894,-5.3039894,-4.0939894,-2.4139893,-1.4739892,-2.8539894,-4.253989,-4.8239894,-6.313989,-6.003989,-6.003989,-4.8839893,-4.1339893,-6.003989,-3.6939893,-4.433989,-4.583989,-5.103989,-5.5739894,-6.2439895,-5.4439893,-4.5539894,-1.4939892,-2.9139893,-4.1939893,-3.5939894,-1.9339893,-5.9839892,-7.253989,-7.603989,-8.293989,-8.043989,-7.953989,-7.7639894,-8.283989,-8.263989,-8.9739895,-8.833989,-6.9839892,-7.123989,-7.083989,-6.6939893,-6.0339894,-9.003989,-7.9939895,-7.293989,-6.9239893,-6.143989,-8.153989,-7.2239895
-4.353989,-6.253989,-6.563989,-7.4639893,-8.14399,-5.813989,-4.583989,-1.5239892,-4.8639894,-4.813989,-3.0439892,-4.143989,-6.203989,-6.1339893,-5.9639893,-6.7439895,-5.7139893,-5.4739895,-4.453989,-4.4739895,-4.183989,-4.9939895,-4.8639894,-5.933989,-5.563989,-5.913989,-4.293989,-4.063989,-3.9239893,-2.4939892,-4.813989,-3.8839893,-3.1739893,-9.253989,-8.35399,-8.113989,-7.833989,-7.5939894,-7.1939893,-7.4039893,-7.6739893,-7.8439894,-8.423989,-9.263989,-9.093989,-7.7139893,-7.7239895,-8.873989,-9.60399,-9.343989,-9.533989,-8.493989,-7.0539894,-6.6339893,-6.103989,-7.563989,-6.6339893
-1.3039893,-4.0939894,-5.793989,-5.683989,-7.123989,-5.9639893,-3.8739893,-1.5839893,0.58601075,-3.2939892,-3.9339893,-4.9839892,-6.853989,-7.4739895,-8.31399,-7.3439894,-6.813989,-4.2139893,-4.893989,-5.103989,-4.313989,-4.853989,-5.7239895,-6.6339893,-6.6539893,-4.7239895,-5.003989,-3.5639892,-2.2739892,-1.3739892,-4.753989,-3.9339893,-2.9239893,-8.753989,-9.27399,-9.4739895,-9.27399,-8.553989,-8.513989,-8.163989,-8.343989,-9.93399,-9.27399,-8.703989,-9.4739895,-9.193989,-9.27399,-9.453989,-8.713989,-8.81399,-8.68399,-9.003989,-8.52399,-7.2639894,-6.5539894,-7.2839894,-7.4239893
0.6860107,0.16601074,0.45601073,-1.0739893,-3.1839893,-3.5739892,-2.5839891,-2.8339891,2.2560108,-3.1739893,-6.9239893,-7.953989,-7.9039893,-8.413989,-8.4739895,-7.103989,-6.583989,-3.1939893,-6.2339892,-3.3039892,-5.7639894,-5.123989,-5.253989,-5.413989,-4.7839894,-4.9639893,0.63601077,4.146011,-3.1239893,-2.5739892,-3.0239892,-4.583989,-4.5539894,-8.583989,-9.553989,-10.2239895,-9.333989,-9.31399,-9.213989,-9.903989,-9.73399,-10.743989,-9.493989,-10.053989,-10.85399,-10.18399,-9.873989,-9.903989,-7.8039894,-9.193989,-8.48399,-8.993989,-8.27399,-7.453989,-7.4939895,-7.293989,-5.9739895
-0.51398927,0.70601076,-0.95398927,-1.7139893,-0.76398927,-1.7739892,-2.3639894,-1.6039892,-0.23398925,0.7460107,4.0760107,-5.8039894,-8.823989,-8.89399,-8.283989,-6.2839894,-5.0939894,-4.4639893,-4.9839892,-4.5539894,-5.163989,-6.043989,-5.5539894,-7.1339893,-5.043989,-4.433989,-3.0339892,2.2660108,-1.9339893,-1.3139893,-0.32398927,-3.6839893,-7.003989,-9.403989,-9.613989,-10.173989,-10.113989,-10.693989,-11.263989,-10.383989,-8.98399,-8.923989,-6.9739895,-8.343989,-9.863989,-10.783989,-9.713989,-9.833989,-8.23399,-7.6739893,-7.273989,-8.343989,-7.9039893,-3.1639893,-5.5939894,-6.1339893,-6.7139893
-0.80398923,-0.17398925,-0.9939892,-0.80398923,-0.9939892,-0.8739893,-0.31398925,0.10601074,1.2360108,-0.98398924,1.7560108,1.9760108,-7.043989,-7.703989,-5.9239893,-3.8939893,-3.9139893,-4.1339893,-3.7539892,-5.2639894,-7.8039894,-7.8439894,-6.2839894,-5.203989,-5.5739894,-4.913989,-2.9739892,1.3760108,-2.0339892,-2.7739892,-5.0739894,-4.2639894,-7.373989,-8.4739895,-8.27399,-9.81399,-10.423989,-8.93399,-8.39399,-6.813989,-5.7839894,-4.0739894,-5.7339892,-5.2139893,-7.5539894,-8.753989,-9.113989,-9.553989,-8.93399,-7.683989,-7.023989,-6.373989,-4.103989,-5.623989,-7.163989,-6.8439894,-7.9639893
-2.9739892,-1.9339893,-1.8639892,-2.4139893,-1.8339893,-1.5639893,-0.58398926,0.12601075,-0.27398926,-0.06398926,-1.9539893,-1.6739893,-2.2539892,-6.453989,-2.9139893,1.2460108,-4.0739894,-3.5339892,-4.9639893,-4.913989,-5.523989,-5.103989,-4.4639893,-5.683989,-5.9039893,-5.523989,-4.4439893,-0.043989256,-2.8139892,-3.4739892,-9.323989,-8.043989,-7.2639894,-6.7139893,-7.4739895,-8.133989,-7.4739895,-5.933989,-5.7139893,-5.393989,-4.9739895,-3.4639893,-3.0739892,-5.0339894,-7.773989,-8.053989,-8.113989,-9.56399,-9.263989,-7.5539894,-5.773989,-4.083989,-5.3239894,-6.6539893,-6.103989,-5.853989,-6.023989
-4.663989,-3.5839891,-3.6839893,-3.5739892,-3.5839891,-3.0639892,-2.3039892,-1.8639892,-2.2439892,-1.6839893,-1.3039893,-0.97398925,-1.1239892,-1.6839893,-0.71398926,-0.11398926,2.8060107,-2.8339891,-4.0139894,-5.623989,-3.7939892,-4.3839893,-4.1139894,-7.353989,-6.413989,-5.5339894,-4.583989,-0.84398925,-3.6739893,-3.8839893,-7.0539894,-6.5739894,-6.4839892,-6.413989,-6.023989,-6.563989,-5.773989,-2.5139892,-1.8639892,-2.8039892,-4.043989,-3.1439893,-2.6339893,-2.3939893,-5.023989,-6.9939895,-5.4839892,-6.6539893,-6.8439894,-7.123989,-7.5739894,-7.353989,-7.1339893,-6.083989,-5.163989,-4.603989,-4.1139894
